
Solution: Pl(h)     
            Endmember fractions:
            abh      an      
ab4         0.049    0.951
ab8         0.082    0.918
ab11        0.114    0.886
ab14        0.147    0.853
ab17        0.180    0.820
ab21        0.212    0.788
ab24        0.245    0.755
ab25        0.253    0.747

Solution: O(HP)     
            Endmember fractions:
            fo       fa      
fo89        0.890    0.110
fo92        0.923    0.077
fo95        0.956    0.044
fo98.9      0.989    0.011
fo99.1      0.991    0.009

Solution: Sp(HP)    
            Endmember fractions:
            sp       herc    
sp68        0.681    0.319
sp71        0.714    0.286
sp74        0.747    0.253
sp78        0.780    0.220
sp81        0.813    0.187
sp81        0.819    0.181

Solution: Opx(HP)   
            Endmember fractions:
            mgts     en       fs       * see footnotes 1 & 2
Op89__0     0.000    0.893    0.107
Op92__0     0.000    0.926    0.074
Op94__0     0.000    0.942    0.058
Op89__3     0.033    0.860    0.103
Op92__3     0.033    0.893    0.071
Op94__3     0.033    0.909    0.056
Op89__6     0.066    0.827    0.100
Op92__6     0.066    0.860    0.069
Op94__6     0.066    0.876    0.054
Op89__9     0.100    0.794    0.096
Op92__9     0.100    0.827    0.066
Op94__9     0.100    0.843    0.052
Op89_13     0.133    0.761    0.093
Op92_13     0.133    0.794    0.064
Op94_13     0.133    0.809    0.050
Op89_14     0.148    0.746    0.091
Op92_14     0.148    0.779    0.063
Op94_14     0.148    0.794    0.049

1 - Although the bulk composition of pseudocompounds for this solution is fixed,
 the proportions of its endmembers may vary due to respeciation.


2 - Proportions output here may sum to <1 because the ordered species
may have non-zero initial proportions.


Solution: Cpx(HP)   
            Endmember fractions:
            cats     jd       hed      di      
Cp_0_0_3    0.000    0.000    0.033    0.967
Cp_0_0_6    0.000    0.000    0.067    0.933
Cp_0_0_6    0.000    0.000    0.070    0.930
Cp_0_3_0    0.000    0.033    0.000    0.967
Cp_0_3_3    0.000    0.033    0.033    0.933
Cp_0_3_6    0.000    0.033    0.067    0.900
Cp_0_3_6    0.000    0.033    0.070    0.897
Cp_0_6_0    0.000    0.067    0.000    0.933
Cp_0_6_3    0.000    0.067    0.033    0.900
Cp_0_6_6    0.000    0.067    0.067    0.867
Cp_0_6_6    0.000    0.067    0.070    0.864
Cp_010_0    0.000    0.100    0.000    0.900
Cp_010_3    0.000    0.100    0.033    0.867
Cp_010_6    0.000    0.100    0.067    0.833
Cp_010_6    0.000    0.100    0.070    0.830
Cp_013_0    0.000    0.133    0.000    0.867
Cp_013_3    0.000    0.133    0.033    0.833
Cp_013_6    0.000    0.133    0.067    0.800
Cp_013_6    0.000    0.133    0.070    0.797
Cp_016_0    0.000    0.167    0.000    0.833
Cp_016_3    0.000    0.167    0.033    0.800
Cp_016_6    0.000    0.167    0.067    0.767
Cp_016_6    0.000    0.167    0.070    0.764
Cp_020_0    0.000    0.200    0.000    0.800
Cp_020_3    0.000    0.200    0.033    0.767
Cp_020_6    0.000    0.200    0.067    0.733
Cp_020_6    0.000    0.200    0.070    0.730
Cp_023_0    0.000    0.233    0.000    0.767
Cp_023_3    0.000    0.233    0.033    0.733
Cp_023_6    0.000    0.233    0.067    0.700
Cp_023_6    0.000    0.233    0.070    0.697
Cp_026_0    0.000    0.267    0.000    0.733
Cp_026_3    0.000    0.267    0.033    0.700
Cp_026_6    0.000    0.267    0.067    0.667
Cp_026_6    0.000    0.267    0.070    0.664
Cp_030_0    0.000    0.300    0.000    0.700
Cp_030_3    0.000    0.300    0.033    0.667
Cp_030_6    0.000    0.300    0.067    0.633
Cp_030_6    0.000    0.300    0.070    0.630
Cp_033_0    0.000    0.333    0.000    0.667
Cp_033_3    0.000    0.333    0.033    0.633
Cp_033_6    0.000    0.333    0.067    0.600
Cp_033_6    0.000    0.333    0.070    0.597
Cp_036_0    0.000    0.367    0.000    0.633
Cp_036_3    0.000    0.367    0.033    0.600
Cp_036_6    0.000    0.367    0.067    0.567
Cp_036_6    0.000    0.367    0.070    0.564
Cp_040_0    0.000    0.400    0.000    0.600
Cp_040_3    0.000    0.400    0.033    0.567
Cp_040_6    0.000    0.400    0.067    0.533
Cp_040_6    0.000    0.400    0.070    0.530
Cp_043_0    0.000    0.433    0.000    0.567
Cp_043_3    0.000    0.433    0.033    0.533
Cp_043_6    0.000    0.433    0.067    0.500
Cp_043_6    0.000    0.433    0.070    0.497
Cp_046_0    0.000    0.467    0.000    0.533
Cp_046_3    0.000    0.467    0.033    0.500
Cp_046_6    0.000    0.467    0.067    0.467
Cp_046_6    0.000    0.467    0.070    0.464
Cp_049_0    0.000    0.500    0.000    0.500
Cp_049_3    0.000    0.500    0.033    0.467
Cp_049_6    0.000    0.500    0.067    0.433
Cp_049_6    0.000    0.500    0.070    0.430
Cp_053_0    0.000    0.533    0.000    0.467
Cp_053_3    0.000    0.533    0.033    0.433
Cp_053_6    0.000    0.533    0.067    0.400
Cp_053_6    0.000    0.533    0.070    0.397
Cp_056_0    0.000    0.567    0.000    0.433
Cp_056_3    0.000    0.567    0.033    0.400
Cp_056_6    0.000    0.567    0.067    0.367
Cp_056_6    0.000    0.567    0.070    0.364
Cp_060_0    0.000    0.600    0.000    0.400
Cp_060_3    0.000    0.600    0.033    0.367
Cp_060_6    0.000    0.600    0.067    0.333
Cp_060_6    0.000    0.600    0.070    0.330
Cp_063_0    0.000    0.633    0.000    0.367
Cp_063_3    0.000    0.633    0.033    0.333
Cp_063_6    0.000    0.633    0.067    0.300
Cp_063_6    0.000    0.633    0.070    0.297
Cp_066_0    0.000    0.667    0.000    0.333
Cp_066_3    0.000    0.667    0.033    0.300
Cp_066_6    0.000    0.667    0.067    0.267
Cp_066_6    0.000    0.667    0.070    0.264
Cp_070_0    0.000    0.700    0.000    0.300
Cp_070_3    0.000    0.700    0.033    0.267
Cp_070_6    0.000    0.700    0.067    0.233
Cp_070_6    0.000    0.700    0.070    0.230
Cp_073_0    0.000    0.733    0.000    0.267
Cp_073_3    0.000    0.733    0.033    0.233
Cp_073_6    0.000    0.733    0.067    0.200
Cp_073_6    0.000    0.733    0.070    0.197
Cp_076_0    0.000    0.767    0.000    0.233
Cp_076_3    0.000    0.767    0.033    0.200
Cp_076_6    0.000    0.767    0.067    0.167
Cp_076_6    0.000    0.767    0.070    0.164
Cp_080_0    0.000    0.800    0.000    0.200
Cp_080_3    0.000    0.800    0.033    0.167
Cp_080_6    0.000    0.800    0.067    0.133
Cp_080_6    0.000    0.800    0.070    0.130
Cp_083_0    0.000    0.833    0.000    0.167
Cp_083_3    0.000    0.833    0.033    0.133
Cp_083_6    0.000    0.833    0.067    0.100
Cp_083_6    0.000    0.833    0.070    0.097
Cp_086_0    0.000    0.867    0.000    0.133
Cp_086_3    0.000    0.867    0.033    0.100
Cp_086_6    0.000    0.867    0.067    0.067
Cp_086_6    0.000    0.867    0.070    0.064
Cp_089_0    0.000    0.900    0.000    0.100
Cp_089_3    0.000    0.900    0.033    0.067
Cp_089_6    0.000    0.900    0.067    0.033
Cp_089_6    0.000    0.900    0.070    0.030
Cp_093_0    0.000    0.933    0.000    0.067
Cp_093_3    0.000    0.933    0.033    0.033
Cp_093_6    0.000    0.933    0.067    0.000
Cp_093_0    0.000    0.934    0.000    0.066
Cp_093_3    0.000    0.934    0.033    0.033
Cp_093_6    0.000    0.934    0.066    0.000
Cp_0_0_0    0.001    0.000    0.000    0.999
Cp_0_0_3    0.001    0.000    0.033    0.966
Cp_0_0_6    0.001    0.000    0.067    0.933
Cp_0_0_6    0.001    0.000    0.070    0.930
Cp_0_3_0    0.001    0.033    0.000    0.966
Cp_0_3_3    0.001    0.033    0.033    0.933
Cp_0_3_6    0.001    0.033    0.067    0.899
Cp_0_3_6    0.001    0.033    0.070    0.896
Cp_0_6_0    0.001    0.067    0.000    0.933
Cp_0_6_3    0.001    0.067    0.033    0.899
Cp_0_6_6    0.001    0.067    0.067    0.866
Cp_0_6_6    0.001    0.067    0.070    0.863
Cp_010_0    0.001    0.100    0.000    0.899
Cp_010_3    0.001    0.100    0.033    0.866
Cp_010_6    0.001    0.100    0.067    0.833
Cp_010_6    0.001    0.100    0.070    0.830
Cp_013_0    0.001    0.133    0.000    0.866
Cp_013_3    0.001    0.133    0.033    0.833
Cp_013_6    0.001    0.133    0.067    0.799
Cp_013_6    0.001    0.133    0.070    0.796
Cp_016_0    0.001    0.167    0.000    0.833
Cp_016_3    0.001    0.167    0.033    0.799
Cp_016_6    0.001    0.167    0.067    0.766
Cp_016_6    0.001    0.167    0.070    0.763
Cp_020_0    0.001    0.200    0.000    0.799
Cp_020_3    0.001    0.200    0.033    0.766
Cp_020_6    0.001    0.200    0.067    0.733
Cp_020_6    0.001    0.200    0.070    0.730
Cp_023_0    0.001    0.233    0.000    0.766
Cp_023_3    0.001    0.233    0.033    0.733
Cp_023_6    0.001    0.233    0.067    0.699
Cp_023_6    0.001    0.233    0.070    0.696
Cp_026_0    0.001    0.267    0.000    0.733
Cp_026_3    0.001    0.267    0.033    0.699
Cp_026_6    0.001    0.267    0.067    0.666
Cp_026_6    0.001    0.267    0.070    0.663
Cp_030_0    0.001    0.300    0.000    0.699
Cp_030_3    0.001    0.300    0.033    0.666
Cp_030_6    0.001    0.300    0.067    0.633
Cp_030_6    0.001    0.300    0.070    0.630
Cp_033_0    0.001    0.333    0.000    0.666
Cp_033_3    0.001    0.333    0.033    0.633
Cp_033_6    0.001    0.333    0.067    0.599
Cp_033_6    0.001    0.333    0.070    0.596
Cp_036_0    0.001    0.367    0.000    0.633
Cp_036_3    0.001    0.367    0.033    0.599
Cp_036_6    0.001    0.367    0.067    0.566
Cp_036_6    0.001    0.367    0.070    0.563
Cp_040_0    0.001    0.400    0.000    0.599
Cp_040_3    0.001    0.400    0.033    0.566
Cp_040_6    0.001    0.400    0.067    0.533
Cp_040_6    0.001    0.400    0.070    0.530
Cp_043_0    0.001    0.433    0.000    0.566
Cp_043_3    0.001    0.433    0.033    0.533
Cp_043_6    0.001    0.433    0.067    0.499
Cp_043_6    0.001    0.433    0.070    0.496
Cp_046_0    0.001    0.467    0.000    0.533
Cp_046_3    0.001    0.467    0.033    0.499
Cp_046_6    0.001    0.467    0.067    0.466
Cp_046_6    0.001    0.467    0.070    0.463
Cp_049_0    0.001    0.500    0.000    0.499
Cp_049_3    0.001    0.500    0.033    0.466
Cp_049_6    0.001    0.500    0.067    0.433
Cp_049_6    0.001    0.500    0.070    0.430
Cp_053_0    0.001    0.533    0.000    0.466
Cp_053_3    0.001    0.533    0.033    0.433
Cp_053_6    0.001    0.533    0.067    0.399
Cp_053_6    0.001    0.533    0.070    0.396
Cp_056_0    0.001    0.567    0.000    0.433
Cp_056_3    0.001    0.567    0.033    0.399
Cp_056_6    0.001    0.567    0.067    0.366
Cp_056_6    0.001    0.567    0.070    0.363
Cp_060_0    0.001    0.600    0.000    0.399
Cp_060_3    0.001    0.600    0.033    0.366
Cp_060_6    0.001    0.600    0.067    0.333
Cp_060_6    0.001    0.600    0.070    0.330
Cp_063_0    0.001    0.633    0.000    0.366
Cp_063_3    0.001    0.633    0.033    0.333
Cp_063_6    0.001    0.633    0.067    0.299
Cp_063_6    0.001    0.633    0.070    0.296
Cp_066_0    0.001    0.667    0.000    0.333
Cp_066_3    0.001    0.667    0.033    0.299
Cp_066_6    0.001    0.667    0.067    0.266
Cp_066_6    0.001    0.667    0.070    0.263
Cp_070_0    0.001    0.700    0.000    0.299
Cp_070_3    0.001    0.700    0.033    0.266
Cp_070_6    0.001    0.700    0.067    0.233
Cp_070_6    0.001    0.700    0.070    0.230
Cp_073_0    0.001    0.733    0.000    0.266
Cp_073_3    0.001    0.733    0.033    0.233
Cp_073_6    0.001    0.733    0.067    0.199
Cp_073_6    0.001    0.733    0.070    0.196
Cp_076_0    0.001    0.767    0.000    0.233
Cp_076_3    0.001    0.767    0.033    0.199
Cp_076_6    0.001    0.767    0.067    0.166
Cp_076_6    0.001    0.767    0.070    0.163
Cp_080_0    0.001    0.800    0.000    0.199
Cp_080_3    0.001    0.800    0.033    0.166
Cp_080_6    0.001    0.800    0.067    0.133
Cp_080_6    0.001    0.800    0.070    0.130
Cp_083_0    0.001    0.833    0.000    0.166
Cp_083_3    0.001    0.833    0.033    0.133
Cp_083_6    0.001    0.833    0.067    0.099
Cp_083_6    0.001    0.833    0.070    0.096
Cp_086_0    0.001    0.867    0.000    0.133
Cp_086_3    0.001    0.867    0.033    0.099
Cp_086_6    0.001    0.867    0.067    0.066
Cp_086_6    0.001    0.867    0.070    0.063
Cp_089_0    0.001    0.900    0.000    0.099
Cp_089_3    0.001    0.900    0.033    0.066
Cp_089_6    0.001    0.900    0.067    0.033
Cp_089_6    0.001    0.900    0.070    0.030
Cp_093_0    0.001    0.933    0.000    0.066
Cp_093_3    0.001    0.933    0.033    0.033
Cp_093_6    0.001    0.933    0.066    0.000
Cp_093_0    0.001    0.934    0.000    0.066
Cp_093_3    0.001    0.934    0.033    0.032
Cp_093_6    0.001    0.934    0.066    0.000
Cp_0_0_0    0.002    0.000    0.000    0.998
Cp_0_0_3    0.002    0.000    0.033    0.965
Cp_0_0_6    0.002    0.000    0.067    0.932
Cp_0_0_6    0.002    0.000    0.070    0.929
Cp_0_3_0    0.002    0.033    0.000    0.965
Cp_0_3_3    0.002    0.033    0.033    0.932
Cp_0_3_6    0.002    0.033    0.067    0.898
Cp_0_3_6    0.002    0.033    0.070    0.896
Cp_0_6_0    0.002    0.067    0.000    0.932
Cp_0_6_3    0.002    0.067    0.033    0.898
Cp_0_6_6    0.002    0.067    0.067    0.865
Cp_0_6_6    0.002    0.067    0.070    0.862
Cp_010_0    0.002    0.100    0.000    0.898
Cp_010_3    0.002    0.100    0.033    0.865
Cp_010_6    0.002    0.100    0.067    0.832
Cp_010_6    0.002    0.100    0.070    0.829
Cp_013_0    0.002    0.133    0.000    0.865
Cp_013_3    0.002    0.133    0.033    0.832
Cp_013_6    0.002    0.133    0.067    0.798
Cp_013_6    0.002    0.133    0.070    0.796
Cp_016_0    0.002    0.167    0.000    0.832
Cp_016_3    0.002    0.167    0.033    0.798
Cp_016_6    0.002    0.167    0.067    0.765
Cp_016_6    0.002    0.167    0.070    0.762
Cp_020_0    0.002    0.200    0.000    0.798
Cp_020_3    0.002    0.200    0.033    0.765
Cp_020_6    0.002    0.200    0.067    0.732
Cp_020_6    0.002    0.200    0.070    0.729
Cp_023_0    0.002    0.233    0.000    0.765
Cp_023_3    0.002    0.233    0.033    0.732
Cp_023_6    0.002    0.233    0.067    0.698
Cp_023_6    0.002    0.233    0.070    0.696
Cp_026_0    0.002    0.267    0.000    0.732
Cp_026_3    0.002    0.267    0.033    0.698
Cp_026_6    0.002    0.267    0.067    0.665
Cp_026_6    0.002    0.267    0.070    0.662
Cp_030_0    0.002    0.300    0.000    0.698
Cp_030_3    0.002    0.300    0.033    0.665
Cp_030_6    0.002    0.300    0.067    0.632
Cp_030_6    0.002    0.300    0.070    0.629
Cp_033_0    0.002    0.333    0.000    0.665
Cp_033_3    0.002    0.333    0.033    0.632
Cp_033_6    0.002    0.333    0.067    0.598
Cp_033_6    0.002    0.333    0.070    0.596
Cp_036_0    0.002    0.367    0.000    0.632
Cp_036_3    0.002    0.367    0.033    0.598
Cp_036_6    0.002    0.367    0.067    0.565
Cp_036_6    0.002    0.367    0.070    0.562
Cp_040_0    0.002    0.400    0.000    0.598
Cp_040_3    0.002    0.400    0.033    0.565
Cp_040_6    0.002    0.400    0.067    0.532
Cp_040_6    0.002    0.400    0.070    0.529
Cp_043_0    0.002    0.433    0.000    0.565
Cp_043_3    0.002    0.433    0.033    0.532
Cp_043_6    0.002    0.433    0.067    0.498
Cp_043_6    0.002    0.433    0.070    0.496
Cp_046_0    0.002    0.467    0.000    0.532
Cp_046_3    0.002    0.467    0.033    0.498
Cp_046_6    0.002    0.467    0.067    0.465
Cp_046_6    0.002    0.467    0.070    0.462
Cp_049_0    0.002    0.500    0.000    0.498
Cp_049_3    0.002    0.500    0.033    0.465
Cp_049_6    0.002    0.500    0.067    0.432
Cp_049_6    0.002    0.500    0.070    0.429
Cp_053_0    0.002    0.533    0.000    0.465
Cp_053_3    0.002    0.533    0.033    0.432
Cp_053_6    0.002    0.533    0.067    0.398
Cp_053_6    0.002    0.533    0.070    0.396
Cp_056_0    0.002    0.567    0.000    0.432
Cp_056_3    0.002    0.567    0.033    0.398
Cp_056_6    0.002    0.567    0.067    0.365
Cp_056_6    0.002    0.567    0.070    0.362
Cp_060_0    0.002    0.600    0.000    0.398
Cp_060_3    0.002    0.600    0.033    0.365
Cp_060_6    0.002    0.600    0.067    0.332
Cp_060_6    0.002    0.600    0.070    0.329
Cp_063_0    0.002    0.633    0.000    0.365
Cp_063_3    0.002    0.633    0.033    0.332
Cp_063_6    0.002    0.633    0.067    0.298
Cp_063_6    0.002    0.633    0.070    0.296
Cp_066_0    0.002    0.667    0.000    0.332
Cp_066_3    0.002    0.667    0.033    0.298
Cp_066_6    0.002    0.667    0.067    0.265
Cp_066_6    0.002    0.667    0.070    0.262
Cp_070_0    0.002    0.700    0.000    0.298
Cp_070_3    0.002    0.700    0.033    0.265
Cp_070_6    0.002    0.700    0.067    0.232
Cp_070_6    0.002    0.700    0.070    0.229
Cp_073_0    0.002    0.733    0.000    0.265
Cp_073_3    0.002    0.733    0.033    0.232
Cp_073_6    0.002    0.733    0.067    0.198
Cp_073_6    0.002    0.733    0.070    0.196
Cp_076_0    0.002    0.767    0.000    0.232
Cp_076_3    0.002    0.767    0.033    0.198
Cp_076_6    0.002    0.767    0.067    0.165
Cp_076_6    0.002    0.767    0.070    0.162
Cp_080_0    0.002    0.800    0.000    0.198
Cp_080_3    0.002    0.800    0.033    0.165
Cp_080_6    0.002    0.800    0.067    0.132
Cp_080_6    0.002    0.800    0.070    0.129
Cp_083_0    0.002    0.833    0.000    0.165
Cp_083_3    0.002    0.833    0.033    0.132
Cp_083_6    0.002    0.833    0.067    0.098
Cp_083_6    0.002    0.833    0.070    0.096
Cp_086_0    0.002    0.867    0.000    0.132
Cp_086_3    0.002    0.867    0.033    0.098
Cp_086_6    0.002    0.867    0.067    0.065
Cp_086_6    0.002    0.867    0.070    0.062
Cp_089_0    0.002    0.900    0.000    0.098
Cp_089_3    0.002    0.900    0.033    0.065
Cp_089_6    0.002    0.900    0.067    0.032
Cp_089_6    0.002    0.900    0.070    0.029
Cp_093_0    0.002    0.933    0.000    0.065
Cp_093_3    0.002    0.933    0.033    0.032
Cp_093_6    0.002    0.933    0.065    0.000
Cp_093_0    0.002    0.934    0.000    0.065
Cp_093_3    0.002    0.934    0.033    0.031
Cp_093_6    0.002    0.934    0.065    0.000
Cp_0_0_0    0.003    0.000    0.000    0.997
Cp_0_0_3    0.003    0.000    0.033    0.964
Cp_0_0_6    0.003    0.000    0.067    0.931
Cp_0_0_6    0.003    0.000    0.070    0.928
Cp_0_3_0    0.003    0.033    0.000    0.964
Cp_0_3_3    0.003    0.033    0.033    0.931
Cp_0_3_6    0.003    0.033    0.067    0.897
Cp_0_3_6    0.003    0.033    0.070    0.894
Cp_0_6_0    0.003    0.067    0.000    0.931
Cp_0_6_3    0.003    0.067    0.033    0.897
Cp_0_6_6    0.003    0.067    0.067    0.864
Cp_0_6_6    0.003    0.067    0.070    0.861
Cp_010_0    0.003    0.100    0.000    0.897
Cp_010_3    0.003    0.100    0.033    0.864
Cp_010_6    0.003    0.100    0.067    0.831
Cp_010_6    0.003    0.100    0.070    0.828
Cp_013_0    0.003    0.133    0.000    0.864
Cp_013_3    0.003    0.133    0.033    0.831
Cp_013_6    0.003    0.133    0.067    0.797
Cp_013_6    0.003    0.133    0.070    0.794
Cp_016_0    0.003    0.167    0.000    0.831
Cp_016_3    0.003    0.167    0.033    0.797
Cp_016_6    0.003    0.167    0.067    0.764
Cp_016_6    0.003    0.167    0.070    0.761
Cp_020_0    0.003    0.200    0.000    0.797
Cp_020_3    0.003    0.200    0.033    0.764
Cp_020_6    0.003    0.200    0.067    0.731
Cp_020_6    0.003    0.200    0.070    0.728
Cp_023_0    0.003    0.233    0.000    0.764
Cp_023_3    0.003    0.233    0.033    0.731
Cp_023_6    0.003    0.233    0.067    0.697
Cp_023_6    0.003    0.233    0.070    0.694
Cp_026_0    0.003    0.267    0.000    0.731
Cp_026_3    0.003    0.267    0.033    0.697
Cp_026_6    0.003    0.267    0.067    0.664
Cp_026_6    0.003    0.267    0.070    0.661
Cp_030_0    0.003    0.300    0.000    0.697
Cp_030_3    0.003    0.300    0.033    0.664
Cp_030_6    0.003    0.300    0.067    0.631
Cp_030_6    0.003    0.300    0.070    0.628
Cp_033_0    0.003    0.333    0.000    0.664
Cp_033_3    0.003    0.333    0.033    0.631
Cp_033_6    0.003    0.333    0.067    0.597
Cp_033_6    0.003    0.333    0.070    0.594
Cp_036_0    0.003    0.367    0.000    0.631
Cp_036_3    0.003    0.367    0.033    0.597
Cp_036_6    0.003    0.367    0.067    0.564
Cp_036_6    0.003    0.367    0.070    0.561
Cp_040_0    0.003    0.400    0.000    0.597
Cp_040_3    0.003    0.400    0.033    0.564
Cp_040_6    0.003    0.400    0.067    0.531
Cp_040_6    0.003    0.400    0.070    0.528
Cp_043_0    0.003    0.433    0.000    0.564
Cp_043_3    0.003    0.433    0.033    0.531
Cp_043_6    0.003    0.433    0.067    0.497
Cp_043_6    0.003    0.433    0.070    0.494
Cp_046_0    0.003    0.467    0.000    0.531
Cp_046_3    0.003    0.467    0.033    0.497
Cp_046_6    0.003    0.467    0.067    0.464
Cp_046_6    0.003    0.467    0.070    0.461
Cp_049_0    0.003    0.500    0.000    0.497
Cp_049_3    0.003    0.500    0.033    0.464
Cp_049_6    0.003    0.500    0.067    0.431
Cp_049_6    0.003    0.500    0.070    0.428
Cp_053_0    0.003    0.533    0.000    0.464
Cp_053_3    0.003    0.533    0.033    0.431
Cp_053_6    0.003    0.533    0.067    0.397
Cp_053_6    0.003    0.533    0.070    0.394
Cp_056_0    0.003    0.567    0.000    0.431
Cp_056_3    0.003    0.567    0.033    0.397
Cp_056_6    0.003    0.567    0.067    0.364
Cp_056_6    0.003    0.567    0.070    0.361
Cp_060_0    0.003    0.600    0.000    0.397
Cp_060_3    0.003    0.600    0.033    0.364
Cp_060_6    0.003    0.600    0.067    0.331
Cp_060_6    0.003    0.600    0.070    0.328
Cp_063_0    0.003    0.633    0.000    0.364
Cp_063_3    0.003    0.633    0.033    0.331
Cp_063_6    0.003    0.633    0.067    0.297
Cp_063_6    0.003    0.633    0.070    0.294
Cp_066_0    0.003    0.667    0.000    0.331
Cp_066_3    0.003    0.667    0.033    0.297
Cp_066_6    0.003    0.667    0.067    0.264
Cp_066_6    0.003    0.667    0.070    0.261
Cp_070_0    0.003    0.700    0.000    0.297
Cp_070_3    0.003    0.700    0.033    0.264
Cp_070_6    0.003    0.700    0.067    0.231
Cp_070_6    0.003    0.700    0.070    0.228
Cp_073_0    0.003    0.733    0.000    0.264
Cp_073_3    0.003    0.733    0.033    0.231
Cp_073_6    0.003    0.733    0.067    0.197
Cp_073_6    0.003    0.733    0.070    0.194
Cp_076_0    0.003    0.767    0.000    0.231
Cp_076_3    0.003    0.767    0.033    0.197
Cp_076_6    0.003    0.767    0.067    0.164
Cp_076_6    0.003    0.767    0.070    0.161
Cp_080_0    0.003    0.800    0.000    0.197
Cp_080_3    0.003    0.800    0.033    0.164
Cp_080_6    0.003    0.800    0.067    0.131
Cp_080_6    0.003    0.800    0.070    0.128
Cp_083_0    0.003    0.833    0.000    0.164
Cp_083_3    0.003    0.833    0.033    0.131
Cp_083_6    0.003    0.833    0.067    0.097
Cp_083_6    0.003    0.833    0.070    0.094
Cp_086_0    0.003    0.867    0.000    0.131
Cp_086_3    0.003    0.867    0.033    0.097
Cp_086_6    0.003    0.867    0.067    0.064
Cp_086_6    0.003    0.867    0.070    0.061
Cp_089_0    0.003    0.900    0.000    0.097
Cp_089_3    0.003    0.900    0.033    0.064
Cp_089_6    0.003    0.900    0.067    0.031
Cp_089_6    0.003    0.900    0.070    0.028
Cp_093_0    0.003    0.933    0.000    0.064
Cp_093_3    0.003    0.933    0.033    0.031
Cp_093_6    0.003    0.933    0.064    0.000
Cp_093_0    0.003    0.934    0.000    0.064
Cp_093_3    0.003    0.934    0.033    0.030
Cp_093_6    0.003    0.934    0.064    0.000
Cp_0_0_0    0.004    0.000    0.000    0.996
Cp_0_0_3    0.004    0.000    0.033    0.963
Cp_0_0_6    0.004    0.000    0.067    0.929
Cp_0_0_6    0.004    0.000    0.070    0.927
Cp_0_3_0    0.004    0.033    0.000    0.963
Cp_0_3_3    0.004    0.033    0.033    0.929
Cp_0_3_6    0.004    0.033    0.067    0.896
Cp_0_3_6    0.004    0.033    0.070    0.893
Cp_0_6_0    0.004    0.067    0.000    0.929
Cp_0_6_3    0.004    0.067    0.033    0.896
Cp_0_6_6    0.004    0.067    0.067    0.863
Cp_0_6_6    0.004    0.067    0.070    0.860
Cp_010_0    0.004    0.100    0.000    0.896
Cp_010_3    0.004    0.100    0.033    0.863
Cp_010_6    0.004    0.100    0.067    0.829
Cp_010_6    0.004    0.100    0.070    0.827
Cp_013_0    0.004    0.133    0.000    0.863
Cp_013_3    0.004    0.133    0.033    0.829
Cp_013_6    0.004    0.133    0.067    0.796
Cp_013_6    0.004    0.133    0.070    0.793
Cp_016_0    0.004    0.167    0.000    0.829
Cp_016_3    0.004    0.167    0.033    0.796
Cp_016_6    0.004    0.167    0.067    0.763
Cp_016_6    0.004    0.167    0.070    0.760
Cp_020_0    0.004    0.200    0.000    0.796
Cp_020_3    0.004    0.200    0.033    0.763
Cp_020_6    0.004    0.200    0.067    0.729
Cp_020_6    0.004    0.200    0.070    0.727
Cp_023_0    0.004    0.233    0.000    0.763
Cp_023_3    0.004    0.233    0.033    0.729
Cp_023_6    0.004    0.233    0.067    0.696
Cp_023_6    0.004    0.233    0.070    0.693
Cp_026_0    0.004    0.267    0.000    0.729
Cp_026_3    0.004    0.267    0.033    0.696
Cp_026_6    0.004    0.267    0.067    0.663
Cp_026_6    0.004    0.267    0.070    0.660
Cp_030_0    0.004    0.300    0.000    0.696
Cp_030_3    0.004    0.300    0.033    0.663
Cp_030_6    0.004    0.300    0.067    0.629
Cp_030_6    0.004    0.300    0.070    0.627
Cp_033_0    0.004    0.333    0.000    0.663
Cp_033_3    0.004    0.333    0.033    0.629
Cp_033_6    0.004    0.333    0.067    0.596
Cp_033_6    0.004    0.333    0.070    0.593
Cp_036_0    0.004    0.367    0.000    0.629
Cp_036_3    0.004    0.367    0.033    0.596
Cp_036_6    0.004    0.367    0.067    0.563
Cp_036_6    0.004    0.367    0.070    0.560
Cp_040_0    0.004    0.400    0.000    0.596
Cp_040_3    0.004    0.400    0.033    0.563
Cp_040_6    0.004    0.400    0.067    0.529
Cp_040_6    0.004    0.400    0.070    0.527
Cp_043_0    0.004    0.433    0.000    0.563
Cp_043_3    0.004    0.433    0.033    0.529
Cp_043_6    0.004    0.433    0.067    0.496
Cp_043_6    0.004    0.433    0.070    0.493
Cp_046_0    0.004    0.467    0.000    0.529
Cp_046_3    0.004    0.467    0.033    0.496
Cp_046_6    0.004    0.467    0.067    0.463
Cp_046_6    0.004    0.467    0.070    0.460
Cp_049_0    0.004    0.500    0.000    0.496
Cp_049_3    0.004    0.500    0.033    0.463
Cp_049_6    0.004    0.500    0.067    0.429
Cp_049_6    0.004    0.500    0.070    0.427
Cp_053_0    0.004    0.533    0.000    0.463
Cp_053_3    0.004    0.533    0.033    0.429
Cp_053_6    0.004    0.533    0.067    0.396
Cp_053_6    0.004    0.533    0.070    0.393
Cp_056_0    0.004    0.567    0.000    0.429
Cp_056_3    0.004    0.567    0.033    0.396
Cp_056_6    0.004    0.567    0.067    0.363
Cp_056_6    0.004    0.567    0.070    0.360
Cp_060_0    0.004    0.600    0.000    0.396
Cp_060_3    0.004    0.600    0.033    0.363
Cp_060_6    0.004    0.600    0.067    0.329
Cp_060_6    0.004    0.600    0.070    0.327
Cp_063_0    0.004    0.633    0.000    0.363
Cp_063_3    0.004    0.633    0.033    0.329
Cp_063_6    0.004    0.633    0.067    0.296
Cp_063_6    0.004    0.633    0.070    0.293
Cp_066_0    0.004    0.667    0.000    0.329
Cp_066_3    0.004    0.667    0.033    0.296
Cp_066_6    0.004    0.667    0.067    0.263
Cp_066_6    0.004    0.667    0.070    0.260
Cp_070_0    0.004    0.700    0.000    0.296
Cp_070_3    0.004    0.700    0.033    0.263
Cp_070_6    0.004    0.700    0.067    0.229
Cp_070_6    0.004    0.700    0.070    0.227
Cp_073_0    0.004    0.733    0.000    0.263
Cp_073_3    0.004    0.733    0.033    0.229
Cp_073_6    0.004    0.733    0.067    0.196
Cp_073_6    0.004    0.733    0.070    0.193
Cp_076_0    0.004    0.767    0.000    0.229
Cp_076_3    0.004    0.767    0.033    0.196
Cp_076_6    0.004    0.767    0.067    0.163
Cp_076_6    0.004    0.767    0.070    0.160
Cp_080_0    0.004    0.800    0.000    0.196
Cp_080_3    0.004    0.800    0.033    0.163
Cp_080_6    0.004    0.800    0.067    0.129
Cp_080_6    0.004    0.800    0.070    0.127
Cp_083_0    0.004    0.833    0.000    0.163
Cp_083_3    0.004    0.833    0.033    0.129
Cp_083_6    0.004    0.833    0.067    0.096
Cp_083_6    0.004    0.833    0.070    0.093
Cp_086_0    0.004    0.867    0.000    0.129
Cp_086_3    0.004    0.867    0.033    0.096
Cp_086_6    0.004    0.867    0.067    0.063
Cp_086_6    0.004    0.867    0.070    0.060
Cp_089_0    0.004    0.900    0.000    0.096
Cp_089_3    0.004    0.900    0.033    0.063
Cp_089_6    0.004    0.900    0.067    0.029
Cp_089_6    0.004    0.900    0.070    0.027
Cp_093_0    0.004    0.933    0.000    0.063
Cp_093_3    0.004    0.933    0.033    0.029
Cp_093_6    0.004    0.933    0.063    0.000
Cp_093_0    0.004    0.934    0.000    0.063
Cp_093_3    0.004    0.934    0.033    0.029
Cp_093_6    0.004    0.934    0.063    0.000
Cp_0_0_0    0.005    0.000    0.000    0.995
Cp_0_0_3    0.005    0.000    0.033    0.961
Cp_0_0_6    0.005    0.000    0.067    0.928
Cp_0_0_6    0.005    0.000    0.070    0.925
Cp_0_3_0    0.005    0.033    0.000    0.961
Cp_0_3_3    0.005    0.033    0.033    0.928
Cp_0_3_6    0.005    0.033    0.067    0.895
Cp_0_3_6    0.005    0.033    0.070    0.892
Cp_0_6_0    0.005    0.067    0.000    0.928
Cp_0_6_3    0.005    0.067    0.033    0.895
Cp_0_6_6    0.005    0.067    0.067    0.861
Cp_0_6_6    0.005    0.067    0.070    0.859
Cp_010_0    0.005    0.100    0.000    0.895
Cp_010_3    0.005    0.100    0.033    0.861
Cp_010_6    0.005    0.100    0.067    0.828
Cp_010_6    0.005    0.100    0.070    0.825
Cp_013_0    0.005    0.133    0.000    0.861
Cp_013_3    0.005    0.133    0.033    0.828
Cp_013_6    0.005    0.133    0.067    0.795
Cp_013_6    0.005    0.133    0.070    0.792
Cp_016_0    0.005    0.167    0.000    0.828
Cp_016_3    0.005    0.167    0.033    0.795
Cp_016_6    0.005    0.167    0.067    0.761
Cp_016_6    0.005    0.167    0.070    0.759
Cp_020_0    0.005    0.200    0.000    0.795
Cp_020_3    0.005    0.200    0.033    0.761
Cp_020_6    0.005    0.200    0.067    0.728
Cp_020_6    0.005    0.200    0.070    0.725
Cp_023_0    0.005    0.233    0.000    0.761
Cp_023_3    0.005    0.233    0.033    0.728
Cp_023_6    0.005    0.233    0.067    0.695
Cp_023_6    0.005    0.233    0.070    0.692
Cp_026_0    0.005    0.267    0.000    0.728
Cp_026_3    0.005    0.267    0.033    0.695
Cp_026_6    0.005    0.267    0.067    0.661
Cp_026_6    0.005    0.267    0.070    0.659
Cp_030_0    0.005    0.300    0.000    0.695
Cp_030_3    0.005    0.300    0.033    0.661
Cp_030_6    0.005    0.300    0.067    0.628
Cp_030_6    0.005    0.300    0.070    0.625
Cp_033_0    0.005    0.333    0.000    0.661
Cp_033_3    0.005    0.333    0.033    0.628
Cp_033_6    0.005    0.333    0.067    0.595
Cp_033_6    0.005    0.333    0.070    0.592
Cp_036_0    0.005    0.367    0.000    0.628
Cp_036_3    0.005    0.367    0.033    0.595
Cp_036_6    0.005    0.367    0.067    0.561
Cp_036_6    0.005    0.367    0.070    0.559
Cp_040_0    0.005    0.400    0.000    0.595
Cp_040_3    0.005    0.400    0.033    0.561
Cp_040_6    0.005    0.400    0.067    0.528
Cp_040_6    0.005    0.400    0.070    0.525
Cp_043_0    0.005    0.433    0.000    0.561
Cp_043_3    0.005    0.433    0.033    0.528
Cp_043_6    0.005    0.433    0.067    0.495
Cp_043_6    0.005    0.433    0.070    0.492
Cp_046_0    0.005    0.467    0.000    0.528
Cp_046_3    0.005    0.467    0.033    0.495
Cp_046_6    0.005    0.467    0.067    0.461
Cp_046_6    0.005    0.467    0.070    0.459
Cp_049_0    0.005    0.500    0.000    0.495
Cp_049_3    0.005    0.500    0.033    0.461
Cp_049_6    0.005    0.500    0.067    0.428
Cp_049_6    0.005    0.500    0.070    0.425
Cp_053_0    0.005    0.533    0.000    0.461
Cp_053_3    0.005    0.533    0.033    0.428
Cp_053_6    0.005    0.533    0.067    0.395
Cp_053_6    0.005    0.533    0.070    0.392
Cp_056_0    0.005    0.567    0.000    0.428
Cp_056_3    0.005    0.567    0.033    0.395
Cp_056_6    0.005    0.567    0.067    0.361
Cp_056_6    0.005    0.567    0.070    0.359
Cp_060_0    0.005    0.600    0.000    0.395
Cp_060_3    0.005    0.600    0.033    0.361
Cp_060_6    0.005    0.600    0.067    0.328
Cp_060_6    0.005    0.600    0.070    0.325
Cp_063_0    0.005    0.633    0.000    0.361
Cp_063_3    0.005    0.633    0.033    0.328
Cp_063_6    0.005    0.633    0.067    0.295
Cp_063_6    0.005    0.633    0.070    0.292
Cp_066_0    0.005    0.667    0.000    0.328
Cp_066_3    0.005    0.667    0.033    0.295
Cp_066_6    0.005    0.667    0.067    0.261
Cp_066_6    0.005    0.667    0.070    0.259
Cp_070_0    0.005    0.700    0.000    0.295
Cp_070_3    0.005    0.700    0.033    0.261
Cp_070_6    0.005    0.700    0.067    0.228
Cp_070_6    0.005    0.700    0.070    0.225
Cp_073_0    0.005    0.733    0.000    0.261
Cp_073_3    0.005    0.733    0.033    0.228
Cp_073_6    0.005    0.733    0.067    0.195
Cp_073_6    0.005    0.733    0.070    0.192
Cp_076_0    0.005    0.767    0.000    0.228
Cp_076_3    0.005    0.767    0.033    0.195
Cp_076_6    0.005    0.767    0.067    0.161
Cp_076_6    0.005    0.767    0.070    0.159
Cp_080_0    0.005    0.800    0.000    0.195
Cp_080_3    0.005    0.800    0.033    0.161
Cp_080_6    0.005    0.800    0.067    0.128
Cp_080_6    0.005    0.800    0.070    0.125
Cp_083_0    0.005    0.833    0.000    0.161
Cp_083_3    0.005    0.833    0.033    0.128
Cp_083_6    0.005    0.833    0.067    0.095
Cp_083_6    0.005    0.833    0.070    0.092
Cp_086_0    0.005    0.867    0.000    0.128
Cp_086_3    0.005    0.867    0.033    0.095
Cp_086_6    0.005    0.867    0.067    0.061
Cp_086_6    0.005    0.867    0.070    0.059
Cp_089_0    0.005    0.900    0.000    0.095
Cp_089_3    0.005    0.900    0.033    0.061
Cp_089_6    0.005    0.900    0.067    0.028
Cp_089_6    0.005    0.900    0.070    0.025
Cp_093_0    0.005    0.933    0.000    0.061
Cp_093_3    0.005    0.933    0.033    0.028
Cp_093_6    0.005    0.933    0.061    0.000
Cp_093_0    0.005    0.934    0.000    0.061
Cp_093_3    0.005    0.934    0.033    0.028
Cp_093_6    0.005    0.934    0.061    0.000
Cp_0_0_0    0.007    0.000    0.000    0.993
Cp_0_0_3    0.007    0.000    0.033    0.960
Cp_0_0_6    0.007    0.000    0.067    0.926
Cp_0_0_6    0.007    0.000    0.070    0.924
Cp_0_3_0    0.007    0.033    0.000    0.960
Cp_0_3_3    0.007    0.033    0.033    0.926
Cp_0_3_6    0.007    0.033    0.067    0.893
Cp_0_3_6    0.007    0.033    0.070    0.890
Cp_0_6_0    0.007    0.067    0.000    0.926
Cp_0_6_3    0.007    0.067    0.033    0.893
Cp_0_6_6    0.007    0.067    0.067    0.860
Cp_0_6_6    0.007    0.067    0.070    0.857
Cp_010_0    0.007    0.100    0.000    0.893
Cp_010_3    0.007    0.100    0.033    0.860
Cp_010_6    0.007    0.100    0.067    0.826
Cp_010_6    0.007    0.100    0.070    0.824
Cp_013_0    0.007    0.133    0.000    0.860
Cp_013_3    0.007    0.133    0.033    0.826
Cp_013_6    0.007    0.133    0.067    0.793
Cp_013_6    0.007    0.133    0.070    0.790
Cp_016_0    0.007    0.167    0.000    0.826
Cp_016_3    0.007    0.167    0.033    0.793
Cp_016_6    0.007    0.167    0.067    0.760
Cp_016_6    0.007    0.167    0.070    0.757
Cp_020_0    0.007    0.200    0.000    0.793
Cp_020_3    0.007    0.200    0.033    0.760
Cp_020_6    0.007    0.200    0.067    0.726
Cp_020_6    0.007    0.200    0.070    0.724
Cp_023_0    0.007    0.233    0.000    0.760
Cp_023_3    0.007    0.233    0.033    0.726
Cp_023_6    0.007    0.233    0.067    0.693
Cp_023_6    0.007    0.233    0.070    0.690
Cp_026_0    0.007    0.267    0.000    0.726
Cp_026_3    0.007    0.267    0.033    0.693
Cp_026_6    0.007    0.267    0.067    0.660
Cp_026_6    0.007    0.267    0.070    0.657
Cp_030_0    0.007    0.300    0.000    0.693
Cp_030_3    0.007    0.300    0.033    0.660
Cp_030_6    0.007    0.300    0.067    0.626
Cp_030_6    0.007    0.300    0.070    0.624
Cp_033_0    0.007    0.333    0.000    0.660
Cp_033_3    0.007    0.333    0.033    0.626
Cp_033_6    0.007    0.333    0.067    0.593
Cp_033_6    0.007    0.333    0.070    0.590
Cp_036_0    0.007    0.367    0.000    0.626
Cp_036_3    0.007    0.367    0.033    0.593
Cp_036_6    0.007    0.367    0.067    0.560
Cp_036_6    0.007    0.367    0.070    0.557
Cp_040_0    0.007    0.400    0.000    0.593
Cp_040_3    0.007    0.400    0.033    0.560
Cp_040_6    0.007    0.400    0.067    0.526
Cp_040_6    0.007    0.400    0.070    0.524
Cp_043_0    0.007    0.433    0.000    0.560
Cp_043_3    0.007    0.433    0.033    0.526
Cp_043_6    0.007    0.433    0.067    0.493
Cp_043_6    0.007    0.433    0.070    0.490
Cp_046_0    0.007    0.467    0.000    0.526
Cp_046_3    0.007    0.467    0.033    0.493
Cp_046_6    0.007    0.467    0.067    0.460
Cp_046_6    0.007    0.467    0.070    0.457
Cp_049_0    0.007    0.500    0.000    0.493
Cp_049_3    0.007    0.500    0.033    0.460
Cp_049_6    0.007    0.500    0.067    0.426
Cp_049_6    0.007    0.500    0.070    0.424
Cp_053_0    0.007    0.533    0.000    0.460
Cp_053_3    0.007    0.533    0.033    0.426
Cp_053_6    0.007    0.533    0.067    0.393
Cp_053_6    0.007    0.533    0.070    0.390
Cp_056_0    0.007    0.567    0.000    0.426
Cp_056_3    0.007    0.567    0.033    0.393
Cp_056_6    0.007    0.567    0.067    0.360
Cp_056_6    0.007    0.567    0.070    0.357
Cp_060_0    0.007    0.600    0.000    0.393
Cp_060_3    0.007    0.600    0.033    0.360
Cp_060_6    0.007    0.600    0.067    0.326
Cp_060_6    0.007    0.600    0.070    0.324
Cp_063_0    0.007    0.633    0.000    0.360
Cp_063_3    0.007    0.633    0.033    0.326
Cp_063_6    0.007    0.633    0.067    0.293
Cp_063_6    0.007    0.633    0.070    0.290
Cp_066_0    0.007    0.667    0.000    0.326
Cp_066_3    0.007    0.667    0.033    0.293
Cp_066_6    0.007    0.667    0.067    0.260
Cp_066_6    0.007    0.667    0.070    0.257
Cp_070_0    0.007    0.700    0.000    0.293
Cp_070_3    0.007    0.700    0.033    0.260
Cp_070_6    0.007    0.700    0.067    0.226
Cp_070_6    0.007    0.700    0.070    0.224
Cp_073_0    0.007    0.733    0.000    0.260
Cp_073_3    0.007    0.733    0.033    0.226
Cp_073_6    0.007    0.733    0.067    0.193
Cp_073_6    0.007    0.733    0.070    0.190
Cp_076_0    0.007    0.767    0.000    0.226
Cp_076_3    0.007    0.767    0.033    0.193
Cp_076_6    0.007    0.767    0.067    0.160
Cp_076_6    0.007    0.767    0.070    0.157
Cp_080_0    0.007    0.800    0.000    0.193
Cp_080_3    0.007    0.800    0.033    0.160
Cp_080_6    0.007    0.800    0.067    0.126
Cp_080_6    0.007    0.800    0.070    0.124
Cp_083_0    0.007    0.833    0.000    0.160
Cp_083_3    0.007    0.833    0.033    0.126
Cp_083_6    0.007    0.833    0.067    0.093
Cp_083_6    0.007    0.833    0.070    0.090
Cp_086_0    0.007    0.867    0.000    0.126
Cp_086_3    0.007    0.867    0.033    0.093
Cp_086_6    0.007    0.867    0.067    0.060
Cp_086_6    0.007    0.867    0.070    0.057
Cp_089_0    0.007    0.900    0.000    0.093
Cp_089_3    0.007    0.900    0.033    0.060
Cp_089_6    0.007    0.900    0.067    0.026
Cp_089_6    0.007    0.900    0.070    0.024
Cp_093_0    0.007    0.933    0.000    0.060
Cp_093_3    0.007    0.933    0.033    0.026
Cp_093_5    0.007    0.933    0.060    0.000
Cp_093_0    0.007    0.934    0.000    0.060
Cp_093_3    0.007    0.934    0.033    0.026
Cp_093_5    0.007    0.934    0.060    0.000
Cp_0_0_0    0.009    0.000    0.000    0.991
