
Solution: Pl(h)     
            Endmember fractions:
            abh      an      
ab27        0.276    0.724
ab30        0.309    0.691
ab34        0.341    0.659
ab37        0.374    0.626
ab40        0.407    0.593
ab43        0.439    0.561
ab47        0.472    0.528
ab50        0.505    0.495
ab53        0.537    0.463
ab56        0.570    0.430
ab60        0.603    0.397
ab63        0.635    0.365
ab66        0.668    0.332
ab70        0.701    0.299
ab73        0.733    0.267
ab76        0.766    0.234
ab79        0.799    0.201
ab80        0.803    0.197

Solution: O(HP)     
            Endmember fractions:
            fo       fa      
fo87        0.876    0.124
fo90        0.909    0.091
fo94        0.942    0.058
fo97.5      0.975    0.025
fo99.1      0.991    0.009

Solution: Sp(HP)    
            Endmember fractions:
            sp       herc    
sp65        0.655    0.345
sp68        0.688    0.312
sp72        0.721    0.279
sp75        0.754    0.246
sp78        0.785    0.215

Solution: Opx(HP)   
            Endmember fractions:
            mgts     en       fs       * see footnotes 1 & 2
Op87__0     0.000    0.879    0.121
Op91__0     0.000    0.912    0.088
Op93__0     0.000    0.936    0.064
Op87__3     0.033    0.846    0.117
Op91__3     0.033    0.879    0.085
Op93__3     0.033    0.903    0.062
Op87__6     0.066    0.813    0.113
Op91__6     0.066    0.846    0.082
Op93__6     0.066    0.869    0.060
Op87__9     0.100    0.779    0.109
Op91__9     0.100    0.813    0.079
Op93__9     0.100    0.836    0.058
Op87_13     0.133    0.746    0.105
Op91_13     0.133    0.779    0.076
Op93_13     0.133    0.803    0.056
Op87_14     0.146    0.733    0.103
Op91_14     0.146    0.766    0.075
Op93_14     0.146    0.790    0.055

1 - Although the bulk composition of pseudocompounds for this solution is fixed,
 the proportions of its endmembers may vary due to respeciation.


2 - Proportions output here may sum to <1 because the ordered species
may have non-zero initial proportions.


Solution: Cpx(HP)   
            Endmember fractions:
            cats     jd       hed      di      
Cp_0_0_3    0.000    0.000    0.033    0.967
Cp_0_0_6    0.000    0.000    0.067    0.933
Cp_0_0_7    0.000    0.000    0.079    0.921
Cp_0_3_0    0.000    0.033    0.000    0.967
Cp_0_3_3    0.000    0.033    0.033    0.933
Cp_0_3_6    0.000    0.033    0.067    0.900
Cp_0_3_7    0.000    0.033    0.079    0.887
Cp_0_6_0    0.000    0.067    0.000    0.933
Cp_0_6_3    0.000    0.067    0.033    0.900
Cp_0_6_6    0.000    0.067    0.067    0.867
Cp_0_6_7    0.000    0.067    0.079    0.854
Cp_010_0    0.000    0.100    0.000    0.900
Cp_010_3    0.000    0.100    0.033    0.867
Cp_010_6    0.000    0.100    0.067    0.833
Cp_010_7    0.000    0.100    0.079    0.821
Cp_013_0    0.000    0.133    0.000    0.867
Cp_013_3    0.000    0.133    0.033    0.833
Cp_013_6    0.000    0.133    0.067    0.800
Cp_013_7    0.000    0.133    0.079    0.787
Cp_016_0    0.000    0.167    0.000    0.833
Cp_016_3    0.000    0.167    0.033    0.800
Cp_016_6    0.000    0.167    0.067    0.767
Cp_016_7    0.000    0.167    0.079    0.754
Cp_020_0    0.000    0.200    0.000    0.800
Cp_020_3    0.000    0.200    0.033    0.767
Cp_020_6    0.000    0.200    0.067    0.733
Cp_020_7    0.000    0.200    0.079    0.721
Cp_023_0    0.000    0.233    0.000    0.767
Cp_023_3    0.000    0.233    0.033    0.733
Cp_023_6    0.000    0.233    0.067    0.700
Cp_023_7    0.000    0.233    0.079    0.687
Cp_026_0    0.000    0.267    0.000    0.733
Cp_026_3    0.000    0.267    0.033    0.700
Cp_026_6    0.000    0.267    0.067    0.667
Cp_026_7    0.000    0.267    0.079    0.654
Cp_030_0    0.000    0.300    0.000    0.700
Cp_030_3    0.000    0.300    0.033    0.667
Cp_030_6    0.000    0.300    0.067    0.633
Cp_030_7    0.000    0.300    0.079    0.621
Cp_033_0    0.000    0.333    0.000    0.667
Cp_033_3    0.000    0.333    0.033    0.633
Cp_033_6    0.000    0.333    0.067    0.600
Cp_033_7    0.000    0.333    0.079    0.587
Cp_036_0    0.000    0.367    0.000    0.633
Cp_036_3    0.000    0.367    0.033    0.600
Cp_036_6    0.000    0.367    0.067    0.567
Cp_036_7    0.000    0.367    0.079    0.554
Cp_040_0    0.000    0.400    0.000    0.600
Cp_040_3    0.000    0.400    0.033    0.567
Cp_040_6    0.000    0.400    0.067    0.533
Cp_040_7    0.000    0.400    0.079    0.521
Cp_043_0    0.000    0.433    0.000    0.567
Cp_043_3    0.000    0.433    0.033    0.533
Cp_043_6    0.000    0.433    0.067    0.500
Cp_043_7    0.000    0.433    0.079    0.487
Cp_046_0    0.000    0.467    0.000    0.533
Cp_046_3    0.000    0.467    0.033    0.500
Cp_046_6    0.000    0.467    0.067    0.467
Cp_046_7    0.000    0.467    0.079    0.454
Cp_049_0    0.000    0.500    0.000    0.500
Cp_049_3    0.000    0.500    0.033    0.467
Cp_049_6    0.000    0.500    0.067    0.433
Cp_049_7    0.000    0.500    0.079    0.421
Cp_053_0    0.000    0.533    0.000    0.467
Cp_053_3    0.000    0.533    0.033    0.433
Cp_053_6    0.000    0.533    0.067    0.400
Cp_053_7    0.000    0.533    0.079    0.387
Cp_056_0    0.000    0.567    0.000    0.433
Cp_056_3    0.000    0.567    0.033    0.400
Cp_056_6    0.000    0.567    0.067    0.367
Cp_056_7    0.000    0.567    0.079    0.354
Cp_060_0    0.000    0.600    0.000    0.400
Cp_060_3    0.000    0.600    0.033    0.367
Cp_060_6    0.000    0.600    0.067    0.333
Cp_060_7    0.000    0.600    0.079    0.321
Cp_063_0    0.000    0.633    0.000    0.367
Cp_063_3    0.000    0.633    0.033    0.333
Cp_063_6    0.000    0.633    0.067    0.300
Cp_063_7    0.000    0.633    0.079    0.287
Cp_066_0    0.000    0.667    0.000    0.333
Cp_066_3    0.000    0.667    0.033    0.300
Cp_066_6    0.000    0.667    0.067    0.267
Cp_066_7    0.000    0.667    0.079    0.254
Cp_070_0    0.000    0.700    0.000    0.300
Cp_070_3    0.000    0.700    0.033    0.267
Cp_070_6    0.000    0.700    0.067    0.233
Cp_070_7    0.000    0.700    0.079    0.221
Cp_073_0    0.000    0.733    0.000    0.267
Cp_073_3    0.000    0.733    0.033    0.233
Cp_073_6    0.000    0.733    0.067    0.200
Cp_073_7    0.000    0.733    0.079    0.187
Cp_076_0    0.000    0.767    0.000    0.233
Cp_076_3    0.000    0.767    0.033    0.200
Cp_076_6    0.000    0.767    0.067    0.167
Cp_076_7    0.000    0.767    0.079    0.154
Cp_080_0    0.000    0.800    0.000    0.200
Cp_080_3    0.000    0.800    0.033    0.167
Cp_080_6    0.000    0.800    0.067    0.133
Cp_080_7    0.000    0.800    0.079    0.121
Cp_083_0    0.000    0.833    0.000    0.167
Cp_083_3    0.000    0.833    0.033    0.133
Cp_083_6    0.000    0.833    0.067    0.100
Cp_083_7    0.000    0.833    0.079    0.087
Cp_086_0    0.000    0.867    0.000    0.133
Cp_086_3    0.000    0.867    0.033    0.100
Cp_086_6    0.000    0.867    0.067    0.067
Cp_086_7    0.000    0.867    0.079    0.054
Cp_089_0    0.000    0.900    0.000    0.100
Cp_089_3    0.000    0.900    0.033    0.067
Cp_089_6    0.000    0.900    0.067    0.033
Cp_089_7    0.000    0.900    0.079    0.021
Cp_093_0    0.000    0.933    0.000    0.067
Cp_093_3    0.000    0.933    0.033    0.033
Cp_093_6    0.000    0.933    0.067    0.000
Cp_093_0    0.000    0.934    0.000    0.066
Cp_093_3    0.000    0.934    0.033    0.033
Cp_093_6    0.000    0.934    0.066    0.000
Cp_0_0_0    0.001    0.000    0.000    0.999
Cp_0_0_3    0.001    0.000    0.033    0.966
Cp_0_0_6    0.001    0.000    0.067    0.933
Cp_0_0_7    0.001    0.000    0.079    0.920
Cp_0_3_0    0.001    0.033    0.000    0.966
Cp_0_3_3    0.001    0.033    0.033    0.933
Cp_0_3_6    0.001    0.033    0.067    0.899
Cp_0_3_7    0.001    0.033    0.079    0.887
Cp_0_6_0    0.001    0.067    0.000    0.933
Cp_0_6_3    0.001    0.067    0.033    0.899
Cp_0_6_6    0.001    0.067    0.067    0.866
Cp_0_6_7    0.001    0.067    0.079    0.853
Cp_010_0    0.001    0.100    0.000    0.899
Cp_010_3    0.001    0.100    0.033    0.866
Cp_010_6    0.001    0.100    0.067    0.833
Cp_010_7    0.001    0.100    0.079    0.820
Cp_013_0    0.001    0.133    0.000    0.866
Cp_013_3    0.001    0.133    0.033    0.833
Cp_013_6    0.001    0.133    0.067    0.799
Cp_013_7    0.001    0.133    0.079    0.787
Cp_016_0    0.001    0.167    0.000    0.833
Cp_016_3    0.001    0.167    0.033    0.799
Cp_016_6    0.001    0.167    0.067    0.766
Cp_016_7    0.001    0.167    0.079    0.753
Cp_020_0    0.001    0.200    0.000    0.799
Cp_020_3    0.001    0.200    0.033    0.766
Cp_020_6    0.001    0.200    0.067    0.733
Cp_020_7    0.001    0.200    0.079    0.720
Cp_023_0    0.001    0.233    0.000    0.766
Cp_023_3    0.001    0.233    0.033    0.733
Cp_023_6    0.001    0.233    0.067    0.699
Cp_023_7    0.001    0.233    0.079    0.687
Cp_026_0    0.001    0.267    0.000    0.733
Cp_026_3    0.001    0.267    0.033    0.699
Cp_026_6    0.001    0.267    0.067    0.666
Cp_026_7    0.001    0.267    0.079    0.653
Cp_030_0    0.001    0.300    0.000    0.699
Cp_030_3    0.001    0.300    0.033    0.666
Cp_030_6    0.001    0.300    0.067    0.633
Cp_030_7    0.001    0.300    0.079    0.620
Cp_033_0    0.001    0.333    0.000    0.666
Cp_033_3    0.001    0.333    0.033    0.633
Cp_033_6    0.001    0.333    0.067    0.599
Cp_033_7    0.001    0.333    0.079    0.587
Cp_036_0    0.001    0.367    0.000    0.633
Cp_036_3    0.001    0.367    0.033    0.599
Cp_036_6    0.001    0.367    0.067    0.566
Cp_036_7    0.001    0.367    0.079    0.553
Cp_040_0    0.001    0.400    0.000    0.599
Cp_040_3    0.001    0.400    0.033    0.566
Cp_040_6    0.001    0.400    0.067    0.533
Cp_040_7    0.001    0.400    0.079    0.520
Cp_043_0    0.001    0.433    0.000    0.566
Cp_043_3    0.001    0.433    0.033    0.533
Cp_043_6    0.001    0.433    0.067    0.499
Cp_043_7    0.001    0.433    0.079    0.487
Cp_046_0    0.001    0.467    0.000    0.533
Cp_046_3    0.001    0.467    0.033    0.499
Cp_046_6    0.001    0.467    0.067    0.466
Cp_046_7    0.001    0.467    0.079    0.453
Cp_049_0    0.001    0.500    0.000    0.499
Cp_049_3    0.001    0.500    0.033    0.466
Cp_049_6    0.001    0.500    0.067    0.433
Cp_049_7    0.001    0.500    0.079    0.420
Cp_053_0    0.001    0.533    0.000    0.466
Cp_053_3    0.001    0.533    0.033    0.433
Cp_053_6    0.001    0.533    0.067    0.399
Cp_053_7    0.001    0.533    0.079    0.387
Cp_056_0    0.001    0.567    0.000    0.433
Cp_056_3    0.001    0.567    0.033    0.399
Cp_056_6    0.001    0.567    0.067    0.366
Cp_056_7    0.001    0.567    0.079    0.353
Cp_060_0    0.001    0.600    0.000    0.399
Cp_060_3    0.001    0.600    0.033    0.366
Cp_060_6    0.001    0.600    0.067    0.333
Cp_060_7    0.001    0.600    0.079    0.320
Cp_063_0    0.001    0.633    0.000    0.366
Cp_063_3    0.001    0.633    0.033    0.333
Cp_063_6    0.001    0.633    0.067    0.299
Cp_063_7    0.001    0.633    0.079    0.287
Cp_066_0    0.001    0.667    0.000    0.333
Cp_066_3    0.001    0.667    0.033    0.299
Cp_066_6    0.001    0.667    0.067    0.266
Cp_066_7    0.001    0.667    0.079    0.253
Cp_070_0    0.001    0.700    0.000    0.299
Cp_070_3    0.001    0.700    0.033    0.266
Cp_070_6    0.001    0.700    0.067    0.233
Cp_070_7    0.001    0.700    0.079    0.220
Cp_073_0    0.001    0.733    0.000    0.266
Cp_073_3    0.001    0.733    0.033    0.233
Cp_073_6    0.001    0.733    0.067    0.199
Cp_073_7    0.001    0.733    0.079    0.187
Cp_076_0    0.001    0.767    0.000    0.233
Cp_076_3    0.001    0.767    0.033    0.199
Cp_076_6    0.001    0.767    0.067    0.166
Cp_076_7    0.001    0.767    0.079    0.153
Cp_080_0    0.001    0.800    0.000    0.199
Cp_080_3    0.001    0.800    0.033    0.166
Cp_080_6    0.001    0.800    0.067    0.133
Cp_080_7    0.001    0.800    0.079    0.120
Cp_083_0    0.001    0.833    0.000    0.166
Cp_083_3    0.001    0.833    0.033    0.133
Cp_083_6    0.001    0.833    0.067    0.099
Cp_083_7    0.001    0.833    0.079    0.087
Cp_086_0    0.001    0.867    0.000    0.133
Cp_086_3    0.001    0.867    0.033    0.099
Cp_086_6    0.001    0.867    0.067    0.066
Cp_086_7    0.001    0.867    0.079    0.053
Cp_089_0    0.001    0.900    0.000    0.099
Cp_089_3    0.001    0.900    0.033    0.066
Cp_089_6    0.001    0.900    0.067    0.033
Cp_089_7    0.001    0.900    0.079    0.020
Cp_093_0    0.001    0.933    0.000    0.066
Cp_093_3    0.001    0.933    0.033    0.033
Cp_093_6    0.001    0.933    0.066    0.000
Cp_093_0    0.001    0.934    0.000    0.066
Cp_093_3    0.001    0.934    0.033    0.032
Cp_093_6    0.001    0.934    0.066    0.000
Cp_0_0_0    0.001    0.000    0.000    0.999
Cp_0_0_3    0.001    0.000    0.033    0.965
Cp_0_0_6    0.001    0.000    0.067    0.932
Cp_0_0_7    0.001    0.000    0.079    0.919
Cp_0_3_0    0.001    0.033    0.000    0.965
Cp_0_3_3    0.001    0.033    0.033    0.932
Cp_0_3_6    0.001    0.033    0.067    0.899
Cp_0_3_7    0.001    0.033    0.079    0.886
Cp_0_6_0    0.001    0.067    0.000    0.932
Cp_0_6_3    0.001    0.067    0.033    0.899
Cp_0_6_6    0.001    0.067    0.067    0.865
Cp_0_6_7    0.001    0.067    0.079    0.852
Cp_010_0    0.001    0.100    0.000    0.899
Cp_010_3    0.001    0.100    0.033    0.865
Cp_010_6    0.001    0.100    0.067    0.832
Cp_010_7    0.001    0.100    0.079    0.819
Cp_013_0    0.001    0.133    0.000    0.865
Cp_013_3    0.001    0.133    0.033    0.832
Cp_013_6    0.001    0.133    0.067    0.799
Cp_013_7    0.001    0.133    0.079    0.786
Cp_016_0    0.001    0.167    0.000    0.832
Cp_016_3    0.001    0.167    0.033    0.799
Cp_016_6    0.001    0.167    0.067    0.765
Cp_016_7    0.001    0.167    0.079    0.752
Cp_020_0    0.001    0.200    0.000    0.799
Cp_020_3    0.001    0.200    0.033    0.765
Cp_020_6    0.001    0.200    0.067    0.732
Cp_020_7    0.001    0.200    0.079    0.719
Cp_023_0    0.001    0.233    0.000    0.765
Cp_023_3    0.001    0.233    0.033    0.732
Cp_023_6    0.001    0.233    0.067    0.699
Cp_023_7    0.001    0.233    0.079    0.686
Cp_026_0    0.001    0.267    0.000    0.732
Cp_026_3    0.001    0.267    0.033    0.699
Cp_026_6    0.001    0.267    0.067    0.665
Cp_026_7    0.001    0.267    0.079    0.652
Cp_030_0    0.001    0.300    0.000    0.699
Cp_030_3    0.001    0.300    0.033    0.665
Cp_030_6    0.001    0.300    0.067    0.632
Cp_030_7    0.001    0.300    0.079    0.619
Cp_033_0    0.001    0.333    0.000    0.665
Cp_033_3    0.001    0.333    0.033    0.632
Cp_033_6    0.001    0.333    0.067    0.599
Cp_033_7    0.001    0.333    0.079    0.586
Cp_036_0    0.001    0.367    0.000    0.632
Cp_036_3    0.001    0.367    0.033    0.599
Cp_036_6    0.001    0.367    0.067    0.565
Cp_036_7    0.001    0.367    0.079    0.552
Cp_040_0    0.001    0.400    0.000    0.599
Cp_040_3    0.001    0.400    0.033    0.565
Cp_040_6    0.001    0.400    0.067    0.532
Cp_040_7    0.001    0.400    0.079    0.519
Cp_043_0    0.001    0.433    0.000    0.565
Cp_043_3    0.001    0.433    0.033    0.532
Cp_043_6    0.001    0.433    0.067    0.499
Cp_043_7    0.001    0.433    0.079    0.486
Cp_046_0    0.001    0.467    0.000    0.532
Cp_046_3    0.001    0.467    0.033    0.499
Cp_046_6    0.001    0.467    0.067    0.465
Cp_046_7    0.001    0.467    0.079    0.452
Cp_049_0    0.001    0.500    0.000    0.499
Cp_049_3    0.001    0.500    0.033    0.465
Cp_049_6    0.001    0.500    0.067    0.432
Cp_049_7    0.001    0.500    0.079    0.419
Cp_053_0    0.001    0.533    0.000    0.465
Cp_053_3    0.001    0.533    0.033    0.432
Cp_053_6    0.001    0.533    0.067    0.399
Cp_053_7    0.001    0.533    0.079    0.386
Cp_056_0    0.001    0.567    0.000    0.432
Cp_056_3    0.001    0.567    0.033    0.399
Cp_056_6    0.001    0.567    0.067    0.365
Cp_056_7    0.001    0.567    0.079    0.352
Cp_060_0    0.001    0.600    0.000    0.399
Cp_060_3    0.001    0.600    0.033    0.365
Cp_060_6    0.001    0.600    0.067    0.332
Cp_060_7    0.001    0.600    0.079    0.319
Cp_063_0    0.001    0.633    0.000    0.365
Cp_063_3    0.001    0.633    0.033    0.332
Cp_063_6    0.001    0.633    0.067    0.299
Cp_063_7    0.001    0.633    0.079    0.286
Cp_066_0    0.001    0.667    0.000    0.332
Cp_066_3    0.001    0.667    0.033    0.299
Cp_066_6    0.001    0.667    0.067    0.265
Cp_066_7    0.001    0.667    0.079    0.252
Cp_070_0    0.001    0.700    0.000    0.299
Cp_070_3    0.001    0.700    0.033    0.265
Cp_070_6    0.001    0.700    0.067    0.232
Cp_070_7    0.001    0.700    0.079    0.219
Cp_073_0    0.001    0.733    0.000    0.265
Cp_073_3    0.001    0.733    0.033    0.232
Cp_073_6    0.001    0.733    0.067    0.199
Cp_073_7    0.001    0.733    0.079    0.186
Cp_076_0    0.001    0.767    0.000    0.232
Cp_076_3    0.001    0.767    0.033    0.199
Cp_076_6    0.001    0.767    0.067    0.165
Cp_076_7    0.001    0.767    0.079    0.152
Cp_080_0    0.001    0.800    0.000    0.199
Cp_080_3    0.001    0.800    0.033    0.165
Cp_080_6    0.001    0.800    0.067    0.132
Cp_080_7    0.001    0.800    0.079    0.119
Cp_083_0    0.001    0.833    0.000    0.165
Cp_083_3    0.001    0.833    0.033    0.132
Cp_083_6    0.001    0.833    0.067    0.099
Cp_083_7    0.001    0.833    0.079    0.086
Cp_086_0    0.001    0.867    0.000    0.132
Cp_086_3    0.001    0.867    0.033    0.099
Cp_086_6    0.001    0.867    0.067    0.065
Cp_086_7    0.001    0.867    0.079    0.052
Cp_089_0    0.001    0.900    0.000    0.099
Cp_089_3    0.001    0.900    0.033    0.065
Cp_089_6    0.001    0.900    0.067    0.032
Cp_089_7    0.001    0.900    0.079    0.019
Cp_093_0    0.001    0.933    0.000    0.065
Cp_093_3    0.001    0.933    0.033    0.032
Cp_093_6    0.001    0.933    0.065    0.000
Cp_093_0    0.001    0.934    0.000    0.065
Cp_093_3    0.001    0.934    0.033    0.032
Cp_093_6    0.001    0.934    0.065    0.000
Cp_0_0_0    0.002    0.000    0.000    0.998
Cp_0_0_3    0.002    0.000    0.033    0.964
Cp_0_0_6    0.002    0.000    0.067    0.931
Cp_0_0_7    0.002    0.000    0.079    0.918
Cp_0_3_0    0.002    0.033    0.000    0.964
Cp_0_3_3    0.002    0.033    0.033    0.931
Cp_0_3_6    0.002    0.033    0.067    0.898
Cp_0_3_7    0.002    0.033    0.079    0.885
Cp_0_6_0    0.002    0.067    0.000    0.931
Cp_0_6_3    0.002    0.067    0.033    0.898
Cp_0_6_6    0.002    0.067    0.067    0.864
Cp_0_6_7    0.002    0.067    0.079    0.851
Cp_010_0    0.002    0.100    0.000    0.898
Cp_010_3    0.002    0.100    0.033    0.864
Cp_010_6    0.002    0.100    0.067    0.831
Cp_010_7    0.002    0.100    0.079    0.818
Cp_013_0    0.002    0.133    0.000    0.864
Cp_013_3    0.002    0.133    0.033    0.831
Cp_013_6    0.002    0.133    0.067    0.798
Cp_013_7    0.002    0.133    0.079    0.785
Cp_016_0    0.002    0.167    0.000    0.831
Cp_016_3    0.002    0.167    0.033    0.798
Cp_016_6    0.002    0.167    0.067    0.764
Cp_016_7    0.002    0.167    0.079    0.751
Cp_020_0    0.002    0.200    0.000    0.798
Cp_020_3    0.002    0.200    0.033    0.764
Cp_020_6    0.002    0.200    0.067    0.731
Cp_020_7    0.002    0.200    0.079    0.718
Cp_023_0    0.002    0.233    0.000    0.764
Cp_023_3    0.002    0.233    0.033    0.731
Cp_023_6    0.002    0.233    0.067    0.698
Cp_023_7    0.002    0.233    0.079    0.685
Cp_026_0    0.002    0.267    0.000    0.731
Cp_026_3    0.002    0.267    0.033    0.698
Cp_026_6    0.002    0.267    0.067    0.664
Cp_026_7    0.002    0.267    0.079    0.651
Cp_030_0    0.002    0.300    0.000    0.698
Cp_030_3    0.002    0.300    0.033    0.664
Cp_030_6    0.002    0.300    0.067    0.631
Cp_030_7    0.002    0.300    0.079    0.618
Cp_033_0    0.002    0.333    0.000    0.664
Cp_033_3    0.002    0.333    0.033    0.631
Cp_033_6    0.002    0.333    0.067    0.598
Cp_033_7    0.002    0.333    0.079    0.585
Cp_036_0    0.002    0.367    0.000    0.631
Cp_036_3    0.002    0.367    0.033    0.598
Cp_036_6    0.002    0.367    0.067    0.564
Cp_036_7    0.002    0.367    0.079    0.551
Cp_040_0    0.002    0.400    0.000    0.598
Cp_040_3    0.002    0.400    0.033    0.564
Cp_040_6    0.002    0.400    0.067    0.531
Cp_040_7    0.002    0.400    0.079    0.518
Cp_043_0    0.002    0.433    0.000    0.564
Cp_043_3    0.002    0.433    0.033    0.531
Cp_043_6    0.002    0.433    0.067    0.498
Cp_043_7    0.002    0.433    0.079    0.485
Cp_046_0    0.002    0.467    0.000    0.531
Cp_046_3    0.002    0.467    0.033    0.498
Cp_046_6    0.002    0.467    0.067    0.464
Cp_046_7    0.002    0.467    0.079    0.451
Cp_049_0    0.002    0.500    0.000    0.498
Cp_049_3    0.002    0.500    0.033    0.464
Cp_049_6    0.002    0.500    0.067    0.431
Cp_049_7    0.002    0.500    0.079    0.418
Cp_053_0    0.002    0.533    0.000    0.464
Cp_053_3    0.002    0.533    0.033    0.431
Cp_053_6    0.002    0.533    0.067    0.398
Cp_053_7    0.002    0.533    0.079    0.385
Cp_056_0    0.002    0.567    0.000    0.431
Cp_056_3    0.002    0.567    0.033    0.398
Cp_056_6    0.002    0.567    0.067    0.364
Cp_056_7    0.002    0.567    0.079    0.351
Cp_060_0    0.002    0.600    0.000    0.398
Cp_060_3    0.002    0.600    0.033    0.364
Cp_060_6    0.002    0.600    0.067    0.331
Cp_060_7    0.002    0.600    0.079    0.318
Cp_063_0    0.002    0.633    0.000    0.364
Cp_063_3    0.002    0.633    0.033    0.331
Cp_063_6    0.002    0.633    0.067    0.298
Cp_063_7    0.002    0.633    0.079    0.285
Cp_066_0    0.002    0.667    0.000    0.331
Cp_066_3    0.002    0.667    0.033    0.298
Cp_066_6    0.002    0.667    0.067    0.264
Cp_066_7    0.002    0.667    0.079    0.251
Cp_070_0    0.002    0.700    0.000    0.298
Cp_070_3    0.002    0.700    0.033    0.264
Cp_070_6    0.002    0.700    0.067    0.231
Cp_070_7    0.002    0.700    0.079    0.218
Cp_073_0    0.002    0.733    0.000    0.264
Cp_073_3    0.002    0.733    0.033    0.231
Cp_073_6    0.002    0.733    0.067    0.198
Cp_073_7    0.002    0.733    0.079    0.185
Cp_076_0    0.002    0.767    0.000    0.231
Cp_076_3    0.002    0.767    0.033    0.198
Cp_076_6    0.002    0.767    0.067    0.164
Cp_076_7    0.002    0.767    0.079    0.151
Cp_080_0    0.002    0.800    0.000    0.198
Cp_080_3    0.002    0.800    0.033    0.164
Cp_080_6    0.002    0.800    0.067    0.131
Cp_080_7    0.002    0.800    0.079    0.118
Cp_083_0    0.002    0.833    0.000    0.164
Cp_083_3    0.002    0.833    0.033    0.131
Cp_083_6    0.002    0.833    0.067    0.098
Cp_083_7    0.002    0.833    0.079    0.085
Cp_086_0    0.002    0.867    0.000    0.131
Cp_086_3    0.002    0.867    0.033    0.098
Cp_086_6    0.002    0.867    0.067    0.064
Cp_086_7    0.002    0.867    0.079    0.051
Cp_089_0    0.002    0.900    0.000    0.098
Cp_089_3    0.002    0.900    0.033    0.064
Cp_089_6    0.002    0.900    0.067    0.031
Cp_089_7    0.002    0.900    0.079    0.018
Cp_093_0    0.002    0.933    0.000    0.064
Cp_093_3    0.002    0.933    0.033    0.031
Cp_093_6    0.002    0.933    0.064    0.000
Cp_093_0    0.002    0.934    0.000    0.064
Cp_093_3    0.002    0.934    0.033    0.031
Cp_093_6    0.002    0.934    0.064    0.000
Cp_0_0_0    0.003    0.000    0.000    0.997
Cp_0_0_3    0.003    0.000    0.033    0.963
Cp_0_0_6    0.003    0.000    0.067    0.930
Cp_0_0_7    0.003    0.000    0.079    0.917
Cp_0_3_0    0.003    0.033    0.000    0.963
Cp_0_3_3    0.003    0.033    0.033    0.930
Cp_0_3_6    0.003    0.033    0.067    0.897
Cp_0_3_7    0.003    0.033    0.079    0.884
Cp_0_6_0    0.003    0.067    0.000    0.930
Cp_0_6_3    0.003    0.067    0.033    0.897
Cp_0_6_6    0.003    0.067    0.067    0.863
Cp_0_6_7    0.003    0.067    0.079    0.850
Cp_010_0    0.003    0.100    0.000    0.897
Cp_010_3    0.003    0.100    0.033    0.863
Cp_010_6    0.003    0.100    0.067    0.830
Cp_010_7    0.003    0.100    0.079    0.817
Cp_013_0    0.003    0.133    0.000    0.863
Cp_013_3    0.003    0.133    0.033    0.830
Cp_013_6    0.003    0.133    0.067    0.797
Cp_013_7    0.003    0.133    0.079    0.784
Cp_016_0    0.003    0.167    0.000    0.830
Cp_016_3    0.003    0.167    0.033    0.797
Cp_016_6    0.003    0.167    0.067    0.763
Cp_016_7    0.003    0.167    0.079    0.750
Cp_020_0    0.003    0.200    0.000    0.797
Cp_020_3    0.003    0.200    0.033    0.763
Cp_020_6    0.003    0.200    0.067    0.730
Cp_020_7    0.003    0.200    0.079    0.717
Cp_023_0    0.003    0.233    0.000    0.763
Cp_023_3    0.003    0.233    0.033    0.730
Cp_023_6    0.003    0.233    0.067    0.697
Cp_023_7    0.003    0.233    0.079    0.684
Cp_026_0    0.003    0.267    0.000    0.730
Cp_026_3    0.003    0.267    0.033    0.697
Cp_026_6    0.003    0.267    0.067    0.663
Cp_026_7    0.003    0.267    0.079    0.650
Cp_030_0    0.003    0.300    0.000    0.697
Cp_030_3    0.003    0.300    0.033    0.663
Cp_030_6    0.003    0.300    0.067    0.630
Cp_030_7    0.003    0.300    0.079    0.617
Cp_033_0    0.003    0.333    0.000    0.663
Cp_033_3    0.003    0.333    0.033    0.630
Cp_033_6    0.003    0.333    0.067    0.597
Cp_033_7    0.003    0.333    0.079    0.584
Cp_036_0    0.003    0.367    0.000    0.630
Cp_036_3    0.003    0.367    0.033    0.597
Cp_036_6    0.003    0.367    0.067    0.563
Cp_036_7    0.003    0.367    0.079    0.550
Cp_040_0    0.003    0.400    0.000    0.597
Cp_040_3    0.003    0.400    0.033    0.563
Cp_040_6    0.003    0.400    0.067    0.530
Cp_040_7    0.003    0.400    0.079    0.517
Cp_043_0    0.003    0.433    0.000    0.563
Cp_043_3    0.003    0.433    0.033    0.530
Cp_043_6    0.003    0.433    0.067    0.497
Cp_043_7    0.003    0.433    0.079    0.484
Cp_046_0    0.003    0.467    0.000    0.530
Cp_046_3    0.003    0.467    0.033    0.497
Cp_046_6    0.003    0.467    0.067    0.463
Cp_046_7    0.003    0.467    0.079    0.450
Cp_049_0    0.003    0.500    0.000    0.497
Cp_049_3    0.003    0.500    0.033    0.463
Cp_049_6    0.003    0.500    0.067    0.430
Cp_049_7    0.003    0.500    0.079    0.417
Cp_053_0    0.003    0.533    0.000    0.463
Cp_053_3    0.003    0.533    0.033    0.430
Cp_053_6    0.003    0.533    0.067    0.397
Cp_053_7    0.003    0.533    0.079    0.384
Cp_056_0    0.003    0.567    0.000    0.430
Cp_056_3    0.003    0.567    0.033    0.397
Cp_056_6    0.003    0.567    0.067    0.363
Cp_056_7    0.003    0.567    0.079    0.350
Cp_060_0    0.003    0.600    0.000    0.397
Cp_060_3    0.003    0.600    0.033    0.363
Cp_060_6    0.003    0.600    0.067    0.330
Cp_060_7    0.003    0.600    0.079    0.317
Cp_063_0    0.003    0.633    0.000    0.363
Cp_063_3    0.003    0.633    0.033    0.330
Cp_063_6    0.003    0.633    0.067    0.297
Cp_063_7    0.003    0.633    0.079    0.284
Cp_066_0    0.003    0.667    0.000    0.330
Cp_066_3    0.003    0.667    0.033    0.297
Cp_066_6    0.003    0.667    0.067    0.263
Cp_066_7    0.003    0.667    0.079    0.250
Cp_070_0    0.003    0.700    0.000    0.297
Cp_070_3    0.003    0.700    0.033    0.263
Cp_070_6    0.003    0.700    0.067    0.230
Cp_070_7    0.003    0.700    0.079    0.217
Cp_073_0    0.003    0.733    0.000    0.263
Cp_073_3    0.003    0.733    0.033    0.230
Cp_073_6    0.003    0.733    0.067    0.197
Cp_073_7    0.003    0.733    0.079    0.184
Cp_076_0    0.003    0.767    0.000    0.230
Cp_076_3    0.003    0.767    0.033    0.197
Cp_076_6    0.003    0.767    0.067    0.163
Cp_076_7    0.003    0.767    0.079    0.150
Cp_080_0    0.003    0.800    0.000    0.197
Cp_080_3    0.003    0.800    0.033    0.163
Cp_080_6    0.003    0.800    0.067    0.130
Cp_080_7    0.003    0.800    0.079    0.117
Cp_083_0    0.003    0.833    0.000    0.163
Cp_083_3    0.003    0.833    0.033    0.130
Cp_083_6    0.003    0.833    0.067    0.097
Cp_083_7    0.003    0.833    0.079    0.084
Cp_086_0    0.003    0.867    0.000    0.130
Cp_086_3    0.003    0.867    0.033    0.097
Cp_086_6    0.003    0.867    0.067    0.063
Cp_086_7    0.003    0.867    0.079    0.050
Cp_089_0    0.003    0.900    0.000    0.097
Cp_089_3    0.003    0.900    0.033    0.063
Cp_089_6    0.003    0.900    0.067    0.030
Cp_089_7    0.003    0.900    0.079    0.017
Cp_093_0    0.003    0.933    0.000    0.063
Cp_093_3    0.003    0.933    0.033    0.030
Cp_093_6    0.003    0.933    0.063    0.000
Cp_093_0    0.003    0.934    0.000    0.063
Cp_093_3    0.003    0.934    0.033    0.030
Cp_093_6    0.003    0.934    0.063    0.000
Cp_0_0_0    0.005    0.000    0.000    0.995
Cp_0_0_3    0.005    0.000    0.033    0.962
Cp_0_0_6    0.005    0.000    0.067    0.929
Cp_0_0_7    0.005    0.000    0.079    0.916
Cp_0_3_0    0.005    0.033    0.000    0.962
Cp_0_3_3    0.005    0.033    0.033    0.929
Cp_0_3_6    0.005    0.033    0.067    0.895
Cp_0_3_7    0.005    0.033    0.079    0.882
Cp_0_6_0    0.005    0.067    0.000    0.929
Cp_0_6_3    0.005    0.067    0.033    0.895
Cp_0_6_6    0.005    0.067    0.067    0.862
Cp_0_6_7    0.005    0.067    0.079    0.849
Cp_010_0    0.005    0.100    0.000    0.895
Cp_010_3    0.005    0.100    0.033    0.862
Cp_010_6    0.005    0.100    0.067    0.829
Cp_010_7    0.005    0.100    0.079    0.816
Cp_013_0    0.005    0.133    0.000    0.862
Cp_013_3    0.005    0.133    0.033    0.829
Cp_013_6    0.005    0.133    0.067    0.795
Cp_013_7    0.005    0.133    0.079    0.782
Cp_016_0    0.005    0.167    0.000    0.829
Cp_016_3    0.005    0.167    0.033    0.795
Cp_016_6    0.005    0.167    0.067    0.762
Cp_016_7    0.005    0.167    0.079    0.749
Cp_020_0    0.005    0.200    0.000    0.795
Cp_020_3    0.005    0.200    0.033    0.762
Cp_020_6    0.005    0.200    0.067    0.729
Cp_020_7    0.005    0.200    0.079    0.716
Cp_023_0    0.005    0.233    0.000    0.762
Cp_023_3    0.005    0.233    0.033    0.729
Cp_023_6    0.005    0.233    0.067    0.695
Cp_023_7    0.005    0.233    0.079    0.682
Cp_026_0    0.005    0.267    0.000    0.729
Cp_026_3    0.005    0.267    0.033    0.695
Cp_026_6    0.005    0.267    0.067    0.662
Cp_026_7    0.005    0.267    0.079    0.649
Cp_030_0    0.005    0.300    0.000    0.695
Cp_030_3    0.005    0.300    0.033    0.662
Cp_030_6    0.005    0.300    0.067    0.629
Cp_030_7    0.005    0.300    0.079    0.616
Cp_033_0    0.005    0.333    0.000    0.662
Cp_033_3    0.005    0.333    0.033    0.629
Cp_033_6    0.005    0.333    0.067    0.595
Cp_033_7    0.005    0.333    0.079    0.582
Cp_036_0    0.005    0.367    0.000    0.629
Cp_036_3    0.005    0.367    0.033    0.595
Cp_036_6    0.005    0.367    0.067    0.562
Cp_036_7    0.005    0.367    0.079    0.549
Cp_040_0    0.005    0.400    0.000    0.595
Cp_040_3    0.005    0.400    0.033    0.562
Cp_040_6    0.005    0.400    0.067    0.529
Cp_040_7    0.005    0.400    0.079    0.516
Cp_043_0    0.005    0.433    0.000    0.562
Cp_043_3    0.005    0.433    0.033    0.529
Cp_043_6    0.005    0.433    0.067    0.495
Cp_043_7    0.005    0.433    0.079    0.482
Cp_046_0    0.005    0.467    0.000    0.529
Cp_046_3    0.005    0.467    0.033    0.495
Cp_046_6    0.005    0.467    0.067    0.462
Cp_046_7    0.005    0.467    0.079    0.449
Cp_049_0    0.005    0.500    0.000    0.495
Cp_049_3    0.005    0.500    0.033    0.462
Cp_049_6    0.005    0.500    0.067    0.429
Cp_049_7    0.005    0.500    0.079    0.416
Cp_053_0    0.005    0.533    0.000    0.462
Cp_053_3    0.005    0.533    0.033    0.429
Cp_053_6    0.005    0.533    0.067    0.395
Cp_053_7    0.005    0.533    0.079    0.382
Cp_056_0    0.005    0.567    0.000    0.429
Cp_056_3    0.005    0.567    0.033    0.395
Cp_056_6    0.005    0.567    0.067    0.362
Cp_056_7    0.005    0.567    0.079    0.349
Cp_060_0    0.005    0.600    0.000    0.395
Cp_060_3    0.005    0.600    0.033    0.362
Cp_060_6    0.005    0.600    0.067    0.329
Cp_060_7    0.005    0.600    0.079    0.316
Cp_063_0    0.005    0.633    0.000    0.362
Cp_063_3    0.005    0.633    0.033    0.329
Cp_063_6    0.005    0.633    0.067    0.295
Cp_063_7    0.005    0.633    0.079    0.282
Cp_066_0    0.005    0.667    0.000    0.329
Cp_066_3    0.005    0.667    0.033    0.295
Cp_066_6    0.005    0.667    0.067    0.262
Cp_066_7    0.005    0.667    0.079    0.249
Cp_070_0    0.005    0.700    0.000    0.295
Cp_070_3    0.005    0.700    0.033    0.262
Cp_070_6    0.005    0.700    0.067    0.229
Cp_070_7    0.005    0.700    0.079    0.216
Cp_073_0    0.005    0.733    0.000    0.262
Cp_073_3    0.005    0.733    0.033    0.229
Cp_073_6    0.005    0.733    0.067    0.195
Cp_073_7    0.005    0.733    0.079    0.182
Cp_076_0    0.005    0.767    0.000    0.229
Cp_076_3    0.005    0.767    0.033    0.195
Cp_076_6    0.005    0.767    0.067    0.162
Cp_076_7    0.005    0.767    0.079    0.149
Cp_080_0    0.005    0.800    0.000    0.195
Cp_080_3    0.005    0.800    0.033    0.162
Cp_080_6    0.005    0.800    0.067    0.129
Cp_080_7    0.005    0.800    0.079    0.116
Cp_083_0    0.005    0.833    0.000    0.162
Cp_083_3    0.005    0.833    0.033    0.129
Cp_083_6    0.005    0.833    0.067    0.095
Cp_083_7    0.005    0.833    0.079    0.082
Cp_086_0    0.005    0.867    0.000    0.129
Cp_086_3    0.005    0.867    0.033    0.095
Cp_086_6    0.005    0.867    0.067    0.062
Cp_086_7    0.005    0.867    0.079    0.049
Cp_089_0    0.005    0.900    0.000    0.095
Cp_089_3    0.005    0.900    0.033    0.062
Cp_089_6    0.005    0.900    0.067    0.029
Cp_089_7    0.005    0.900    0.079    0.016
Cp_093_0    0.005    0.933    0.000    0.062
Cp_093_3    0.005    0.933    0.033    0.029
Cp_093_6    0.005    0.933    0.062    0.000
Cp_093_0    0.005    0.934    0.000    0.062
Cp_093_3    0.005    0.934    0.033    0.028
Cp_093_6    0.005    0.934    0.062    0.000
Cp_0_0_0    0.006    0.000    0.000    0.994
Cp_0_0_3    0.006    0.000    0.033    0.960
Cp_0_0_6    0.006    0.000    0.067    0.927
Cp_0_0_7    0.006    0.000    0.079    0.914
Cp_0_3_0    0.006    0.033    0.000    0.960
Cp_0_3_3    0.006    0.033    0.033    0.927
Cp_0_3_6    0.006    0.033    0.067    0.894
Cp_0_3_7    0.006    0.033    0.079    0.881
Cp_0_6_0    0.006    0.067    0.000    0.927
Cp_0_6_3    0.006    0.067    0.033    0.894
Cp_0_6_6    0.006    0.067    0.067    0.860
Cp_0_6_7    0.006    0.067    0.079    0.848
Cp_010_0    0.006    0.100    0.000    0.894
Cp_010_3    0.006    0.100    0.033    0.860
Cp_010_6    0.006    0.100    0.067    0.827
Cp_010_7    0.006    0.100    0.079    0.814
Cp_013_0    0.006    0.133    0.000    0.860
Cp_013_3    0.006    0.133    0.033    0.827
Cp_013_6    0.006    0.133    0.067    0.794
Cp_013_7    0.006    0.133    0.079    0.781
Cp_016_0    0.006    0.167    0.000    0.827
Cp_016_3    0.006    0.167    0.033    0.794
Cp_016_6    0.006    0.167    0.067    0.760
Cp_016_7    0.006    0.167    0.079    0.748
Cp_020_0    0.006    0.200    0.000    0.794
Cp_020_3    0.006    0.200    0.033    0.760
Cp_020_6    0.006    0.200    0.067    0.727
Cp_020_7    0.006    0.200    0.079    0.714
Cp_023_0    0.006    0.233    0.000    0.760
Cp_023_3    0.006    0.233    0.033    0.727
Cp_023_6    0.006    0.233    0.067    0.694
Cp_023_7    0.006    0.233    0.079    0.681
Cp_026_0    0.006    0.267    0.000    0.727
Cp_026_3    0.006    0.267    0.033    0.694
Cp_026_6    0.006    0.267    0.067    0.660
Cp_026_7    0.006    0.267    0.079    0.648
Cp_030_0    0.006    0.300    0.000    0.694
Cp_030_3    0.006    0.300    0.033    0.660
Cp_030_6    0.006    0.300    0.067    0.627
Cp_030_7    0.006    0.300    0.079    0.614
Cp_033_0    0.006    0.333    0.000    0.660
Cp_033_3    0.006    0.333    0.033    0.627
Cp_033_6    0.006    0.333    0.067    0.594
Cp_033_7    0.006    0.333    0.079    0.581
Cp_036_0    0.006    0.367    0.000    0.627
Cp_036_3    0.006    0.367    0.033    0.594
Cp_036_6    0.006    0.367    0.067    0.560
Cp_036_7    0.006    0.367    0.079    0.548
Cp_040_0    0.006    0.400    0.000    0.594
Cp_040_3    0.006    0.400    0.033    0.560
Cp_040_6    0.006    0.400    0.067    0.527
Cp_040_7    0.006    0.400    0.079    0.514
Cp_043_0    0.006    0.433    0.000    0.560
Cp_043_3    0.006    0.433    0.033    0.527
Cp_043_6    0.006    0.433    0.067    0.494
Cp_043_7    0.006    0.433    0.079    0.481
Cp_046_0    0.006    0.467    0.000    0.527
Cp_046_3    0.006    0.467    0.033    0.494
Cp_046_6    0.006    0.467    0.067    0.460
Cp_046_7    0.006    0.467    0.079    0.448
Cp_049_0    0.006    0.500    0.000    0.494
Cp_049_3    0.006    0.500    0.033    0.460
Cp_049_6    0.006    0.500    0.067    0.427
Cp_049_7    0.006    0.500    0.079    0.414
Cp_053_0    0.006    0.533    0.000    0.460
Cp_053_3    0.006    0.533    0.033    0.427
Cp_053_6    0.006    0.533    0.067    0.394
Cp_053_7    0.006    0.533    0.079    0.381
Cp_056_0    0.006    0.567    0.000    0.427
Cp_056_3    0.006    0.567    0.033    0.394
Cp_056_6    0.006    0.567    0.067    0.360
Cp_056_7    0.006    0.567    0.079    0.348
Cp_060_0    0.006    0.600    0.000    0.394
Cp_060_3    0.006    0.600    0.033    0.360
Cp_060_6    0.006    0.600    0.067    0.327
Cp_060_7    0.006    0.600    0.079    0.314
Cp_063_0    0.006    0.633    0.000    0.360
Cp_063_3    0.006    0.633    0.033    0.327
Cp_063_6    0.006    0.633    0.067    0.294
Cp_063_7    0.006    0.633    0.079    0.281
Cp_066_0    0.006    0.667    0.000    0.327
Cp_066_3    0.006    0.667    0.033    0.294
Cp_066_6    0.006    0.667    0.067    0.260
Cp_066_7    0.006    0.667    0.079    0.248
Cp_070_0    0.006    0.700    0.000    0.294
Cp_070_3    0.006    0.700    0.033    0.260
Cp_070_6    0.006    0.700    0.067    0.227
Cp_070_7    0.006    0.700    0.079    0.214
Cp_073_0    0.006    0.733    0.000    0.260
Cp_073_3    0.006    0.733    0.033    0.227
Cp_073_6    0.006    0.733    0.067    0.194
Cp_073_7    0.006    0.733    0.079    0.181
Cp_076_0    0.006    0.767    0.000    0.227
Cp_076_3    0.006    0.767    0.033    0.194
Cp_076_6    0.006    0.767    0.067    0.160
Cp_076_7    0.006    0.767    0.079    0.148
Cp_080_0    0.006    0.800    0.000    0.194
Cp_080_3    0.006    0.800    0.033    0.160
Cp_080_6    0.006    0.800    0.067    0.127
Cp_080_7    0.006    0.800    0.079    0.114
Cp_083_0    0.006    0.833    0.000    0.160
Cp_083_3    0.006    0.833    0.033    0.127
Cp_083_6    0.006    0.833    0.067    0.094
Cp_083_7    0.006    0.833    0.079    0.081
Cp_086_0    0.006    0.867    0.000    0.127
Cp_086_3    0.006    0.867    0.033    0.094
Cp_086_6    0.006    0.867    0.067    0.060
Cp_086_7    0.006    0.867    0.079    0.048
Cp_089_0    0.006    0.900    0.000    0.094
Cp_089_3    0.006    0.900    0.033    0.060
Cp_089_6    0.006    0.900    0.067    0.027
Cp_089_7    0.006    0.900    0.079    0.014
Cp_093_0    0.006    0.933    0.000    0.060
Cp_093_3    0.006    0.933    0.033    0.027
