
Solution: Pl(h)     
            Endmember fractions:
            abh      an      
ab25        0.258    0.742
ab29        0.291    0.709
ab32        0.324    0.676
ab35        0.356    0.644
ab38        0.389    0.611
ab42        0.422    0.578
ab45        0.454    0.546
ab48        0.487    0.513
ab51        0.520    0.480
ab55        0.552    0.448
ab58        0.585    0.415
ab61        0.618    0.382
ab65        0.650    0.350
ab68        0.682    0.318

Solution: O(HP)     
            Endmember fractions:
            fo       fa      
fo88        0.882    0.118
fo91        0.915    0.085
fo94        0.948    0.052
fo96.4      0.964    0.036

Solution: Sp(HP)    
            Endmember fractions:
            sp       herc    
sp78        0.785    0.215
sp80        0.808    0.192

Solution: Opx(HP)   
            Endmember fractions:
            mgts     en       fs       * see footnotes 1 & 2
Op90__0     0.000    0.903    0.097
Op93__0     0.000    0.936    0.064
Op94__0     0.000    0.941    0.059
Op90__3     0.033    0.870    0.094
Op93__3     0.033    0.903    0.062
Op94__3     0.033    0.908    0.057
Op90__6     0.066    0.837    0.091
Op93__6     0.066    0.870    0.060
Op94__6     0.066    0.875    0.055
Op90__9     0.100    0.804    0.087
Op93__9     0.100    0.837    0.057
Op94__9     0.100    0.842    0.053
Op90_13     0.133    0.770    0.084
Op93_13     0.133    0.804    0.055
Op94_13     0.133    0.808    0.051
Op90_16     0.166    0.737    0.081
Op93_16     0.166    0.770    0.053
Op94_16     0.166    0.775    0.049
Op90_18     0.180    0.723    0.079
Op93_18     0.180    0.756    0.052
Op94_18     0.180    0.761    0.048

1 - Although the bulk composition of pseudocompounds for this solution is fixed,
 the proportions of its endmembers may vary due to respeciation.


2 - Proportions output here may sum to <1 because the ordered species
may have non-zero initial proportions.


Solution: Cpx(HP)   
            Endmember fractions:
            cats     jd       hed      di      
Cp_0_0_0    0.000    0.005    0.006    0.989
Cp_0_0_3    0.000    0.005    0.039    0.955
Cp_0_0_7    0.000    0.005    0.073    0.922
Cp_0_0_7    0.000    0.005    0.077    0.917
Cp_0_3_0    0.000    0.039    0.006    0.955
Cp_0_3_3    0.000    0.039    0.039    0.922
Cp_0_3_7    0.000    0.039    0.073    0.889
Cp_0_3_7    0.000    0.039    0.077    0.884
Cp_0_7_0    0.000    0.072    0.006    0.922
Cp_0_7_3    0.000    0.072    0.039    0.889
Cp_0_7_7    0.000    0.072    0.073    0.855
Cp_0_7_7    0.000    0.072    0.077    0.851
Cp_010_0    0.000    0.105    0.006    0.889
Cp_010_3    0.000    0.105    0.039    0.855
Cp_010_7    0.000    0.105    0.073    0.822
Cp_010_7    0.000    0.105    0.077    0.817
Cp_013_0    0.000    0.139    0.006    0.855
Cp_013_3    0.000    0.139    0.039    0.822
Cp_013_7    0.000    0.139    0.073    0.789
Cp_013_7    0.000    0.139    0.077    0.784
Cp_017_0    0.000    0.172    0.006    0.822
Cp_017_3    0.000    0.172    0.039    0.789
Cp_017_7    0.000    0.172    0.073    0.755
Cp_017_7    0.000    0.172    0.077    0.751
Cp_020_0    0.000    0.205    0.006    0.789
Cp_020_3    0.000    0.205    0.039    0.755
Cp_020_7    0.000    0.205    0.073    0.722
Cp_020_7    0.000    0.205    0.077    0.717
Cp_023_0    0.000    0.239    0.006    0.755
Cp_023_3    0.000    0.239    0.039    0.722
Cp_023_7    0.000    0.239    0.073    0.689
Cp_023_7    0.000    0.239    0.077    0.684
Cp_027_0    0.000    0.272    0.006    0.722
Cp_027_3    0.000    0.272    0.039    0.689
Cp_027_7    0.000    0.272    0.073    0.655
Cp_027_7    0.000    0.272    0.077    0.651
Cp_027_0    0.000    0.279    0.006    0.716
Cp_027_3    0.000    0.279    0.039    0.682
Cp_027_7    0.000    0.279    0.073    0.649
Cp_027_7    0.000    0.279    0.077    0.644
Cp_0_0_0    0.001    0.005    0.006    0.988
Cp_0_0_3    0.001    0.005    0.039    0.955
Cp_0_0_7    0.001    0.005    0.073    0.921
Cp_0_0_7    0.001    0.005    0.077    0.917
Cp_0_3_0    0.001    0.039    0.006    0.955
Cp_0_3_3    0.001    0.039    0.039    0.921
Cp_0_3_7    0.001    0.039    0.073    0.888
Cp_0_3_7    0.001    0.039    0.077    0.883
Cp_0_7_0    0.001    0.072    0.006    0.921
Cp_0_7_3    0.001    0.072    0.039    0.888
Cp_0_7_7    0.001    0.072    0.073    0.855
Cp_0_7_7    0.001    0.072    0.077    0.850
Cp_010_0    0.001    0.105    0.006    0.888
Cp_010_3    0.001    0.105    0.039    0.855
Cp_010_7    0.001    0.105    0.073    0.821
Cp_010_7    0.001    0.105    0.077    0.817
Cp_013_0    0.001    0.139    0.006    0.855
Cp_013_3    0.001    0.139    0.039    0.821
Cp_013_7    0.001    0.139    0.073    0.788
Cp_013_7    0.001    0.139    0.077    0.783
Cp_017_0    0.001    0.172    0.006    0.821
Cp_017_3    0.001    0.172    0.039    0.788
Cp_017_7    0.001    0.172    0.073    0.755
Cp_017_7    0.001    0.172    0.077    0.750
Cp_020_0    0.001    0.205    0.006    0.788
Cp_020_3    0.001    0.205    0.039    0.755
Cp_020_7    0.001    0.205    0.073    0.721
Cp_020_7    0.001    0.205    0.077    0.717
Cp_023_0    0.001    0.239    0.006    0.755
Cp_023_3    0.001    0.239    0.039    0.721
Cp_023_7    0.001    0.239    0.073    0.688
Cp_023_7    0.001    0.239    0.077    0.683
Cp_027_0    0.001    0.272    0.006    0.721
Cp_027_3    0.001    0.272    0.039    0.688
Cp_027_7    0.001    0.272    0.073    0.655
Cp_027_7    0.001    0.272    0.077    0.650
Cp_027_0    0.001    0.279    0.006    0.715
Cp_027_3    0.001    0.279    0.039    0.682
Cp_027_7    0.001    0.279    0.073    0.648
Cp_027_7    0.001    0.279    0.077    0.643
Cp_0_0_0    0.002    0.005    0.006    0.987
Cp_0_0_3    0.002    0.005    0.039    0.954
Cp_0_0_7    0.002    0.005    0.073    0.921
Cp_0_0_7    0.002    0.005    0.077    0.916
Cp_0_3_0    0.002    0.039    0.006    0.954
Cp_0_3_3    0.002    0.039    0.039    0.921
Cp_0_3_7    0.002    0.039    0.073    0.887
Cp_0_3_7    0.002    0.039    0.077    0.883
Cp_0_7_0    0.002    0.072    0.006    0.921
Cp_0_7_3    0.002    0.072    0.039    0.887
Cp_0_7_7    0.002    0.072    0.073    0.854
Cp_0_7_7    0.002    0.072    0.077    0.849
Cp_010_0    0.002    0.105    0.006    0.887
Cp_010_3    0.002    0.105    0.039    0.854
Cp_010_7    0.002    0.105    0.073    0.821
Cp_010_7    0.002    0.105    0.077    0.816
Cp_013_0    0.002    0.139    0.006    0.854
Cp_013_3    0.002    0.139    0.039    0.821
Cp_013_7    0.002    0.139    0.073    0.787
Cp_013_7    0.002    0.139    0.077    0.783
Cp_017_0    0.002    0.172    0.006    0.821
Cp_017_3    0.002    0.172    0.039    0.787
Cp_017_7    0.002    0.172    0.073    0.754
Cp_017_7    0.002    0.172    0.077    0.749
Cp_020_0    0.002    0.205    0.006    0.787
Cp_020_3    0.002    0.205    0.039    0.754
Cp_020_7    0.002    0.205    0.073    0.721
Cp_020_7    0.002    0.205    0.077    0.716
Cp_023_0    0.002    0.239    0.006    0.754
Cp_023_3    0.002    0.239    0.039    0.721
Cp_023_7    0.002    0.239    0.073    0.687
Cp_023_7    0.002    0.239    0.077    0.683
Cp_027_0    0.002    0.272    0.006    0.721
Cp_027_3    0.002    0.272    0.039    0.687
Cp_027_7    0.002    0.272    0.073    0.654
Cp_027_7    0.002    0.272    0.077    0.649
Cp_027_0    0.002    0.279    0.006    0.714
Cp_027_3    0.002    0.279    0.039    0.681
Cp_027_7    0.002    0.279    0.073    0.647
Cp_027_7    0.002    0.279    0.077    0.643
Cp_0_0_0    0.003    0.005    0.006    0.986
Cp_0_0_3    0.003    0.005    0.039    0.953
Cp_0_0_7    0.003    0.005    0.073    0.920
Cp_0_0_7    0.003    0.005    0.077    0.915
Cp_0_3_0    0.003    0.039    0.006    0.953
Cp_0_3_3    0.003    0.039    0.039    0.920
Cp_0_3_7    0.003    0.039    0.073    0.886
Cp_0_3_7    0.003    0.039    0.077    0.882
Cp_0_7_0    0.003    0.072    0.006    0.920
Cp_0_7_3    0.003    0.072    0.039    0.886
Cp_0_7_7    0.003    0.072    0.073    0.853
Cp_0_7_7    0.003    0.072    0.077    0.848
Cp_010_0    0.003    0.105    0.006    0.886
Cp_010_3    0.003    0.105    0.039    0.853
Cp_010_7    0.003    0.105    0.073    0.820
Cp_010_7    0.003    0.105    0.077    0.815
Cp_013_0    0.003    0.139    0.006    0.853
Cp_013_3    0.003    0.139    0.039    0.820
Cp_013_7    0.003    0.139    0.073    0.786
Cp_013_7    0.003    0.139    0.077    0.782
Cp_017_0    0.003    0.172    0.006    0.820
Cp_017_3    0.003    0.172    0.039    0.786
Cp_017_7    0.003    0.172    0.073    0.753
Cp_017_7    0.003    0.172    0.077    0.748
Cp_020_0    0.003    0.205    0.006    0.786
Cp_020_3    0.003    0.205    0.039    0.753
Cp_020_7    0.003    0.205    0.073    0.720
Cp_020_7    0.003    0.205    0.077    0.715
Cp_023_0    0.003    0.239    0.006    0.753
Cp_023_3    0.003    0.239    0.039    0.720
Cp_023_7    0.003    0.239    0.073    0.686
Cp_023_7    0.003    0.239    0.077    0.682
Cp_027_0    0.003    0.272    0.006    0.720
Cp_027_3    0.003    0.272    0.039    0.686
Cp_027_7    0.003    0.272    0.073    0.653
Cp_027_7    0.003    0.272    0.077    0.648
Cp_027_0    0.003    0.279    0.006    0.713
Cp_027_3    0.003    0.279    0.039    0.680
Cp_027_7    0.003    0.279    0.073    0.646
Cp_027_7    0.003    0.279    0.077    0.642
Cp_0_0_0    0.004    0.005    0.006    0.985
Cp_0_0_3    0.004    0.005    0.039    0.952
Cp_0_0_7    0.004    0.005    0.073    0.918
Cp_0_0_7    0.004    0.005    0.077    0.914
Cp_0_3_0    0.004    0.039    0.006    0.952
Cp_0_3_3    0.004    0.039    0.039    0.918
Cp_0_3_7    0.004    0.039    0.073    0.885
Cp_0_3_7    0.004    0.039    0.077    0.880
Cp_0_7_0    0.004    0.072    0.006    0.918
Cp_0_7_3    0.004    0.072    0.039    0.885
Cp_0_7_7    0.004    0.072    0.073    0.852
Cp_0_7_7    0.004    0.072    0.077    0.847
Cp_010_0    0.004    0.105    0.006    0.885
Cp_010_3    0.004    0.105    0.039    0.852
Cp_010_7    0.004    0.105    0.073    0.818
Cp_010_7    0.004    0.105    0.077    0.814
Cp_013_0    0.004    0.139    0.006    0.852
Cp_013_3    0.004    0.139    0.039    0.818
Cp_013_7    0.004    0.139    0.073    0.785
Cp_013_7    0.004    0.139    0.077    0.780
Cp_017_0    0.004    0.172    0.006    0.818
Cp_017_3    0.004    0.172    0.039    0.785
Cp_017_7    0.004    0.172    0.073    0.752
Cp_017_7    0.004    0.172    0.077    0.747
Cp_020_0    0.004    0.205    0.006    0.785
Cp_020_3    0.004    0.205    0.039    0.752
Cp_020_7    0.004    0.205    0.073    0.718
Cp_020_7    0.004    0.205    0.077    0.714
Cp_023_0    0.004    0.239    0.006    0.752
Cp_023_3    0.004    0.239    0.039    0.718
Cp_023_7    0.004    0.239    0.073    0.685
Cp_023_7    0.004    0.239    0.077    0.680
Cp_027_0    0.004    0.272    0.006    0.718
Cp_027_3    0.004    0.272    0.039    0.685
Cp_027_7    0.004    0.272    0.073    0.652
Cp_027_7    0.004    0.272    0.077    0.647
Cp_027_0    0.004    0.279    0.006    0.712
Cp_027_3    0.004    0.279    0.039    0.679
Cp_027_7    0.004    0.279    0.073    0.645
Cp_027_7    0.004    0.279    0.077    0.640
Cp_0_0_0    0.005    0.005    0.006    0.984
Cp_0_0_3    0.005    0.005    0.039    0.950
Cp_0_0_7    0.005    0.005    0.073    0.917
Cp_0_0_7    0.005    0.005    0.077    0.912
Cp_0_3_0    0.005    0.039    0.006    0.950
Cp_0_3_3    0.005    0.039    0.039    0.917
Cp_0_3_7    0.005    0.039    0.073    0.884
Cp_0_3_7    0.005    0.039    0.077    0.879
Cp_0_7_0    0.005    0.072    0.006    0.917
Cp_0_7_3    0.005    0.072    0.039    0.884
Cp_0_7_7    0.005    0.072    0.073    0.850
Cp_0_7_7    0.005    0.072    0.077    0.846
Cp_010_0    0.005    0.105    0.006    0.884
Cp_010_3    0.005    0.105    0.039    0.850
Cp_010_7    0.005    0.105    0.073    0.817
Cp_010_7    0.005    0.105    0.077    0.812
Cp_013_0    0.005    0.139    0.006    0.850
Cp_013_3    0.005    0.139    0.039    0.817
Cp_013_7    0.005    0.139    0.073    0.784
Cp_013_7    0.005    0.139    0.077    0.779
Cp_017_0    0.005    0.172    0.006    0.817
Cp_017_3    0.005    0.172    0.039    0.784
Cp_017_7    0.005    0.172    0.073    0.750
Cp_017_7    0.005    0.172    0.077    0.746
Cp_020_0    0.005    0.205    0.006    0.784
Cp_020_3    0.005    0.205    0.039    0.750
Cp_020_7    0.005    0.205    0.073    0.717
Cp_020_7    0.005    0.205    0.077    0.712
Cp_023_0    0.005    0.239    0.006    0.750
Cp_023_3    0.005    0.239    0.039    0.717
Cp_023_7    0.005    0.239    0.073    0.684
Cp_023_7    0.005    0.239    0.077    0.679
Cp_027_0    0.005    0.272    0.006    0.717
Cp_027_3    0.005    0.272    0.039    0.684
Cp_027_7    0.005    0.272    0.073    0.650
Cp_027_7    0.005    0.272    0.077    0.646
Cp_027_0    0.005    0.279    0.006    0.710
Cp_027_3    0.005    0.279    0.039    0.677
Cp_027_7    0.005    0.279    0.073    0.644
Cp_027_7    0.005    0.279    0.077    0.639
Cp_0_0_0    0.007    0.005    0.006    0.982
Cp_0_0_3    0.007    0.005    0.039    0.949
Cp_0_0_7    0.007    0.005    0.073    0.915
Cp_0_0_7    0.007    0.005    0.077    0.911
Cp_0_3_0    0.007    0.039    0.006    0.949
Cp_0_3_3    0.007    0.039    0.039    0.915
Cp_0_3_7    0.007    0.039    0.073    0.882
Cp_0_3_7    0.007    0.039    0.077    0.877
Cp_0_7_0    0.007    0.072    0.006    0.915
Cp_0_7_3    0.007    0.072    0.039    0.882
Cp_0_7_7    0.007    0.072    0.073    0.849
Cp_0_7_7    0.007    0.072    0.077    0.844
Cp_010_0    0.007    0.105    0.006    0.882
Cp_010_3    0.007    0.105    0.039    0.849
Cp_010_7    0.007    0.105    0.073    0.815
Cp_010_7    0.007    0.105    0.077    0.811
Cp_013_0    0.007    0.139    0.006    0.849
Cp_013_3    0.007    0.139    0.039    0.815
Cp_013_7    0.007    0.139    0.073    0.782
Cp_013_7    0.007    0.139    0.077    0.777
Cp_017_0    0.007    0.172    0.006    0.815
Cp_017_3    0.007    0.172    0.039    0.782
Cp_017_7    0.007    0.172    0.073    0.749
Cp_017_7    0.007    0.172    0.077    0.744
Cp_020_0    0.007    0.205    0.006    0.782
Cp_020_3    0.007    0.205    0.039    0.749
Cp_020_7    0.007    0.205    0.073    0.715
Cp_020_7    0.007    0.205    0.077    0.711
Cp_023_0    0.007    0.239    0.006    0.749
Cp_023_3    0.007    0.239    0.039    0.715
Cp_023_7    0.007    0.239    0.073    0.682
Cp_023_7    0.007    0.239    0.077    0.677
Cp_027_0    0.007    0.272    0.006    0.715
Cp_027_3    0.007    0.272    0.039    0.682
Cp_027_7    0.007    0.272    0.073    0.649
Cp_027_7    0.007    0.272    0.077    0.644
Cp_027_0    0.007    0.279    0.006    0.709
Cp_027_3    0.007    0.279    0.039    0.676
Cp_027_7    0.007    0.279    0.073    0.642
Cp_027_7    0.007    0.279    0.077    0.638
Cp_0_0_0    0.009    0.005    0.006    0.980
Cp_0_0_3    0.009    0.005    0.039    0.947
Cp_0_0_7    0.009    0.005    0.073    0.914
Cp_0_0_7    0.009    0.005    0.077    0.909
Cp_0_3_0    0.009    0.039    0.006    0.947
Cp_0_3_3    0.009    0.039    0.039    0.914
Cp_0_3_7    0.009    0.039    0.073    0.880
Cp_0_3_7    0.009    0.039    0.077    0.876
Cp_0_7_0    0.009    0.072    0.006    0.914
Cp_0_7_3    0.009    0.072    0.039    0.880
Cp_0_7_7    0.009    0.072    0.073    0.847
Cp_0_7_7    0.009    0.072    0.077    0.842
Cp_010_0    0.009    0.105    0.006    0.880
Cp_010_3    0.009    0.105    0.039    0.847
Cp_010_7    0.009    0.105    0.073    0.814
Cp_010_7    0.009    0.105    0.077    0.809
Cp_013_0    0.009    0.139    0.006    0.847
Cp_013_3    0.009    0.139    0.039    0.814
Cp_013_7    0.009    0.139    0.073    0.780
Cp_013_7    0.009    0.139    0.077    0.776
Cp_017_0    0.009    0.172    0.006    0.814
Cp_017_3    0.009    0.172    0.039    0.780
Cp_017_7    0.009    0.172    0.073    0.747
Cp_017_7    0.009    0.172    0.077    0.742
Cp_020_0    0.009    0.205    0.006    0.780
Cp_020_3    0.009    0.205    0.039    0.747
Cp_020_7    0.009    0.205    0.073    0.714
Cp_020_7    0.009    0.205    0.077    0.709
Cp_023_0    0.009    0.239    0.006    0.747
Cp_023_3    0.009    0.239    0.039    0.714
Cp_023_7    0.009    0.239    0.073    0.680
Cp_023_7    0.009    0.239    0.077    0.676
Cp_027_0    0.009    0.272    0.006    0.714
Cp_027_3    0.009    0.272    0.039    0.680
Cp_027_7    0.009    0.272    0.073    0.647
Cp_027_7    0.009    0.272    0.077    0.642
Cp_027_0    0.009    0.279    0.006    0.707
Cp_027_3    0.009    0.279    0.039    0.674
Cp_027_7    0.009    0.279    0.073    0.640
Cp_027_7    0.009    0.279    0.077    0.636
Cp_1_0_0    0.011    0.005    0.006    0.978
Cp_1_0_3    0.011    0.005    0.039    0.945
Cp_1_0_7    0.011    0.005    0.073    0.911
Cp_1_0_7    0.011    0.005    0.077    0.907
Cp_1_3_0    0.011    0.039    0.006    0.945
Cp_1_3_3    0.011    0.039    0.039    0.911
Cp_1_3_7    0.011    0.039    0.073    0.878
Cp_1_3_7    0.011    0.039    0.077    0.873
Cp_1_7_0    0.011    0.072    0.006    0.911
Cp_1_7_3    0.011    0.072    0.039    0.878
Cp_1_7_7    0.011    0.072    0.073    0.845
Cp_1_7_7    0.011    0.072    0.077    0.840
Cp_110_0    0.011    0.105    0.006    0.878
Cp_110_3    0.011    0.105    0.039    0.845
Cp_110_7    0.011    0.105    0.073    0.811
Cp_110_7    0.011    0.105    0.077    0.807
Cp_113_0    0.011    0.139    0.006    0.845
Cp_113_3    0.011    0.139    0.039    0.811
Cp_113_7    0.011    0.139    0.073    0.778
Cp_113_7    0.011    0.139    0.077    0.773
Cp_117_0    0.011    0.172    0.006    0.811
Cp_117_3    0.011    0.172    0.039    0.778
Cp_117_7    0.011    0.172    0.073    0.745
Cp_117_7    0.011    0.172    0.077    0.740
Cp_120_0    0.011    0.205    0.006    0.778
Cp_120_3    0.011    0.205    0.039    0.745
Cp_120_7    0.011    0.205    0.073    0.711
Cp_120_7    0.011    0.205    0.077    0.707
Cp_123_0    0.011    0.239    0.006    0.745
Cp_123_3    0.011    0.239    0.039    0.711
Cp_123_7    0.011    0.239    0.073    0.678
Cp_123_7    0.011    0.239    0.077    0.673
Cp_127_0    0.011    0.272    0.006    0.711
Cp_127_3    0.011    0.272    0.039    0.678
Cp_127_7    0.011    0.272    0.073    0.645
Cp_127_7    0.011    0.272    0.077    0.640
Cp_127_0    0.011    0.279    0.006    0.705
Cp_127_3    0.011    0.279    0.039    0.672
Cp_127_7    0.011    0.279    0.073    0.638
Cp_127_7    0.011    0.279    0.077    0.634
Cp_1_0_0    0.013    0.005    0.006    0.976
Cp_1_0_3    0.013    0.005    0.039    0.942
Cp_1_0_7    0.013    0.005    0.073    0.909
Cp_1_0_7    0.013    0.005    0.077    0.904
Cp_1_3_0    0.013    0.039    0.006    0.942
Cp_1_3_3    0.013    0.039    0.039    0.909
Cp_1_3_7    0.013    0.039    0.073    0.876
Cp_1_3_7    0.013    0.039    0.077    0.871
Cp_1_7_0    0.013    0.072    0.006    0.909
Cp_1_7_3    0.013    0.072    0.039    0.876
Cp_1_7_7    0.013    0.072    0.073    0.842
Cp_1_7_7    0.013    0.072    0.077    0.838
Cp_110_0    0.013    0.105    0.006    0.876
Cp_110_3    0.013    0.105    0.039    0.842
Cp_110_7    0.013    0.105    0.073    0.809
Cp_110_7    0.013    0.105    0.077    0.804
Cp_113_0    0.013    0.139    0.006    0.842
Cp_113_3    0.013    0.139    0.039    0.809
Cp_113_7    0.013    0.139    0.073    0.776
Cp_113_7    0.013    0.139    0.077    0.771
Cp_117_0    0.013    0.172    0.006    0.809
Cp_117_3    0.013    0.172    0.039    0.776
Cp_117_7    0.013    0.172    0.073    0.742
Cp_117_7    0.013    0.172    0.077    0.738
Cp_120_0    0.013    0.205    0.006    0.776
Cp_120_3    0.013    0.205    0.039    0.742
Cp_120_7    0.013    0.205    0.073    0.709
Cp_120_7    0.013    0.205    0.077    0.704
Cp_123_0    0.013    0.239    0.006    0.742
Cp_123_3    0.013    0.239    0.039    0.709
Cp_123_7    0.013    0.239    0.073    0.676
Cp_123_7    0.013    0.239    0.077    0.671
Cp_127_0    0.013    0.272    0.006    0.709
Cp_127_3    0.013    0.272    0.039    0.676
Cp_127_7    0.013    0.272    0.073    0.642
Cp_127_7    0.013    0.272    0.077    0.638
Cp_127_0    0.013    0.279    0.006    0.702
Cp_127_3    0.013    0.279    0.039    0.669
Cp_127_7    0.013    0.279    0.073    0.636
Cp_127_7    0.013    0.279    0.077    0.631
Cp_1_0_0    0.016    0.005    0.006    0.973
Cp_1_0_3    0.016    0.005    0.039    0.939
Cp_1_0_7    0.016    0.005    0.073    0.906
Cp_1_0_7    0.016    0.005    0.077    0.901
Cp_1_3_0    0.016    0.039    0.006    0.939
Cp_1_3_3    0.016    0.039    0.039    0.906
Cp_1_3_7    0.016    0.039    0.073    0.873
Cp_1_3_7    0.016    0.039    0.077    0.868
Cp_1_7_0    0.016    0.072    0.006    0.906
Cp_1_7_3    0.016    0.072    0.039    0.873
Cp_1_7_7    0.016    0.072    0.073    0.839
Cp_1_7_7    0.016    0.072    0.077    0.835
Cp_110_0    0.016    0.105    0.006    0.873
Cp_110_3    0.016    0.105    0.039    0.839
Cp_110_7    0.016    0.105    0.073    0.806
Cp_110_7    0.016    0.105    0.077    0.801
Cp_113_0    0.016    0.139    0.006    0.839
Cp_113_3    0.016    0.139    0.039    0.806
Cp_113_7    0.016    0.139    0.073    0.773
Cp_113_7    0.016    0.139    0.077    0.768
Cp_117_0    0.016    0.172    0.006    0.806
Cp_117_3    0.016    0.172    0.039    0.773
Cp_117_7    0.016    0.172    0.073    0.739
Cp_117_7    0.016    0.172    0.077    0.735
Cp_120_0    0.016    0.205    0.006    0.773
Cp_120_3    0.016    0.205    0.039    0.739
Cp_120_7    0.016    0.205    0.073    0.706
Cp_120_7    0.016    0.205    0.077    0.701
Cp_123_0    0.016    0.239    0.006    0.739
Cp_123_3    0.016    0.239    0.039    0.706
Cp_123_7    0.016    0.239    0.073    0.673
Cp_123_7    0.016    0.239    0.077    0.668
Cp_127_0    0.016    0.272    0.006    0.706
Cp_127_3    0.016    0.272    0.039    0.673
Cp_127_7    0.016    0.272    0.073    0.639
Cp_127_7    0.016    0.272    0.077    0.635
Cp_127_0    0.016    0.279    0.006    0.699
Cp_127_3    0.016    0.279    0.039    0.666
Cp_127_7    0.016    0.279    0.073    0.633
Cp_127_7    0.016    0.279    0.077    0.628
Cp_1_0_0    0.020    0.005    0.006    0.969
Cp_1_0_3    0.020    0.005    0.039    0.936
Cp_1_0_7    0.020    0.005    0.073    0.903
Cp_1_0_7    0.020    0.005    0.077    0.898
Cp_1_3_0    0.020    0.039    0.006    0.936
Cp_1_3_3    0.020    0.039    0.039    0.903
Cp_1_3_7    0.020    0.039    0.073    0.869
Cp_1_3_7    0.020    0.039    0.077    0.865
Cp_1_7_0    0.020    0.072    0.006    0.903
Cp_1_7_3    0.020    0.072    0.039    0.869
Cp_1_7_7    0.020    0.072    0.073    0.836
Cp_1_7_7    0.020    0.072    0.077    0.831
Cp_110_0    0.020    0.105    0.006    0.869
Cp_110_3    0.020    0.105    0.039    0.836
Cp_110_7    0.020    0.105    0.073    0.803
Cp_110_7    0.020    0.105    0.077    0.798
Cp_113_0    0.020    0.139    0.006    0.836
Cp_113_3    0.020    0.139    0.039    0.803
Cp_113_7    0.020    0.139    0.073    0.769
Cp_113_7    0.020    0.139    0.077    0.765
Cp_117_0    0.020    0.172    0.006    0.803
Cp_117_3    0.020    0.172    0.039    0.769
Cp_117_7    0.020    0.172    0.073    0.736
Cp_117_7    0.020    0.172    0.077    0.731
Cp_120_0    0.020    0.205    0.006    0.769
Cp_120_3    0.020    0.205    0.039    0.736
Cp_120_7    0.020    0.205    0.073    0.703
Cp_120_7    0.020    0.205    0.077    0.698
Cp_123_0    0.020    0.239    0.006    0.736
Cp_123_3    0.020    0.239    0.039    0.703
Cp_123_7    0.020    0.239    0.073    0.669
Cp_123_7    0.020    0.239    0.077    0.665
Cp_127_0    0.020    0.272    0.006    0.703
Cp_127_3    0.020    0.272    0.039    0.669
Cp_127_7    0.020    0.272    0.073    0.636
Cp_127_7    0.020    0.272    0.077    0.631
Cp_127_0    0.020    0.279    0.006    0.696
Cp_127_3    0.020    0.279    0.039    0.663
Cp_127_7    0.020    0.279    0.073    0.629
Cp_127_7    0.020    0.279    0.077    0.625
Cp_2_0_0    0.023    0.005    0.006    0.965
Cp_2_0_3    0.023    0.005    0.039    0.932
Cp_2_0_7    0.023    0.005    0.073    0.899
Cp_2_0_7    0.023    0.005    0.077    0.894
Cp_2_3_0    0.023    0.039    0.006    0.932
Cp_2_3_3    0.023    0.039    0.039    0.899
Cp_2_3_7    0.023    0.039    0.073    0.865
Cp_2_3_7    0.023    0.039    0.077    0.861
Cp_2_7_0    0.023    0.072    0.006    0.899
Cp_2_7_3    0.023    0.072    0.039    0.865
Cp_2_7_7    0.023    0.072    0.073    0.832
Cp_2_7_7    0.023    0.072    0.077    0.827
Cp_210_0    0.023    0.105    0.006    0.865
Cp_210_3    0.023    0.105    0.039    0.832
Cp_210_7    0.023    0.105    0.073    0.799
Cp_210_7    0.023    0.105    0.077    0.794
Cp_213_0    0.023    0.139    0.006    0.832
Cp_213_3    0.023    0.139    0.039    0.799
Cp_213_7    0.023    0.139    0.073    0.765
Cp_213_7    0.023    0.139    0.077    0.761
Cp_217_0    0.023    0.172    0.006    0.799
Cp_217_3    0.023    0.172    0.039    0.765
Cp_217_7    0.023    0.172    0.073    0.732
Cp_217_7    0.023    0.172    0.077    0.727
Cp_220_0    0.023    0.205    0.006    0.765
Cp_220_3    0.023    0.205    0.039    0.732
Cp_220_7    0.023    0.205    0.073    0.699
Cp_220_7    0.023    0.205    0.077    0.694
Cp_223_0    0.023    0.239    0.006    0.732
Cp_223_3    0.023    0.239    0.039    0.699
Cp_223_7    0.023    0.239    0.073    0.665
Cp_223_7    0.023    0.239    0.077    0.661
Cp_227_0    0.023    0.272    0.006    0.699
Cp_227_3    0.023    0.272    0.039    0.665
Cp_227_7    0.023    0.272    0.073    0.632
Cp_227_7    0.023    0.272    0.077    0.627
Cp_227_0    0.023    0.279    0.006    0.692
Cp_227_3    0.023    0.279    0.039    0.659
Cp_227_7    0.023    0.279    0.073    0.625
Cp_227_7    0.023    0.279    0.077    0.621
Cp_2_0_0    0.028    0.005    0.006    0.961
Cp_2_0_3    0.028    0.005    0.039    0.928
Cp_2_0_7    0.028    0.005    0.073    0.894
Cp_2_0_7    0.028    0.005    0.077    0.889
Cp_2_3_0    0.028    0.039    0.006    0.928
Cp_2_3_3    0.028    0.039    0.039    0.894
Cp_2_3_7    0.028    0.039    0.073    0.861
Cp_2_3_7    0.028    0.039    0.077    0.856
Cp_2_7_0    0.028    0.072    0.006    0.894
Cp_2_7_3    0.028    0.072    0.039    0.861
Cp_2_7_7    0.028    0.072    0.073    0.828
Cp_2_7_7    0.028    0.072    0.077    0.823
Cp_210_0    0.028    0.105    0.006    0.861
Cp_210_3    0.028    0.105    0.039    0.828
Cp_210_7    0.028    0.105    0.073    0.794
Cp_210_7    0.028    0.105    0.077    0.789
Cp_213_0    0.028    0.139    0.006    0.828
Cp_213_3    0.028    0.139    0.039    0.794
Cp_213_7    0.028    0.139    0.073    0.761
Cp_213_7    0.028    0.139    0.077    0.756
Cp_217_0    0.028    0.172    0.006    0.794
Cp_217_3    0.028    0.172    0.039    0.761
Cp_217_7    0.028    0.172    0.073    0.728
Cp_217_7    0.028    0.172    0.077    0.723
Cp_220_0    0.028    0.205    0.006    0.761
Cp_220_3    0.028    0.205    0.039    0.728
Cp_220_7    0.028    0.205    0.073    0.694
Cp_220_7    0.028    0.205    0.077    0.689
Cp_223_0    0.028    0.239    0.006    0.728
Cp_223_3    0.028    0.239    0.039    0.694
Cp_223_7    0.028    0.239    0.073    0.661
Cp_223_7    0.028    0.239    0.077    0.656
Cp_227_0    0.028    0.272    0.006    0.694
Cp_227_3    0.028    0.272    0.039    0.661
Cp_227_7    0.028    0.272    0.073    0.628
Cp_227_7    0.028    0.272    0.077    0.623
Cp_227_0    0.028    0.279    0.006    0.688
Cp_227_3    0.028    0.279    0.039    0.654
Cp_227_7    0.028    0.279    0.073    0.621
Cp_227_7    0.028    0.279    0.077    0.616
Cp_3_0_0    0.033    0.005    0.006    0.956
Cp_3_0_3    0.033    0.005    0.039    0.922
Cp_3_0_7    0.033    0.005    0.073    0.889
Cp_3_0_7    0.033    0.005    0.077    0.884
Cp_3_3_0    0.033    0.039    0.006    0.922
Cp_3_3_3    0.033    0.039    0.039    0.889
Cp_3_3_7    0.033    0.039    0.073    0.856
Cp_3_3_7    0.033    0.039    0.077    0.851
Cp_3_7_0    0.033    0.072    0.006    0.889
Cp_3_7_3    0.033    0.072    0.039    0.856
Cp_3_7_7    0.033    0.072    0.073    0.822
Cp_3_7_7    0.033    0.072    0.077    0.818
Cp_310_0    0.033    0.105    0.006    0.856
Cp_310_3    0.033    0.105    0.039    0.822
Cp_310_7    0.033    0.105    0.073    0.789
Cp_310_7    0.033    0.105    0.077    0.784
Cp_313_0    0.033    0.139    0.006    0.822
Cp_313_3    0.033    0.139    0.039    0.789
Cp_313_7    0.033    0.139    0.073    0.756
Cp_313_7    0.033    0.139    0.077    0.751
Cp_317_0    0.033    0.172    0.006    0.789
Cp_317_3    0.033    0.172    0.039    0.756
Cp_317_7    0.033    0.172    0.073    0.722
Cp_317_7    0.033    0.172    0.077    0.718
Cp_320_0    0.033    0.205    0.006    0.756
Cp_320_3    0.033    0.205    0.039    0.722
Cp_320_7    0.033    0.205    0.073    0.689
Cp_320_7    0.033    0.205    0.077    0.684
Cp_323_0    0.033    0.239    0.006    0.722
Cp_323_3    0.033    0.239    0.039    0.689
Cp_323_7    0.033    0.239    0.073    0.656
Cp_323_7    0.033    0.239    0.077    0.651
Cp_327_0    0.033    0.272    0.006    0.689
Cp_327_3    0.033    0.272    0.039    0.656
Cp_327_7    0.033    0.272    0.073    0.622
Cp_327_7    0.033    0.272    0.077    0.618
Cp_327_0    0.033    0.279    0.006    0.682
Cp_327_3    0.033    0.279    0.039    0.649
Cp_327_7    0.033    0.279    0.073    0.616
Cp_327_7    0.033    0.279    0.077    0.611
Cp_3_0_0    0.039    0.005    0.006    0.950
Cp_3_0_3    0.039    0.005    0.039    0.916
Cp_3_0_7    0.039    0.005    0.073    0.883
Cp_3_0_7    0.039    0.005    0.077    0.878
Cp_3_3_0    0.039    0.039    0.006    0.916
Cp_3_3_3    0.039    0.039    0.039    0.883
Cp_3_3_7    0.039    0.039    0.073    0.850
Cp_3_3_7    0.039    0.039    0.077    0.845
Cp_3_7_0    0.039    0.072    0.006    0.883
Cp_3_7_3    0.039    0.072    0.039    0.850
Cp_3_7_7    0.039    0.072    0.073    0.816
Cp_3_7_7    0.039    0.072    0.077    0.812
Cp_310_0    0.039    0.105    0.006    0.850
Cp_310_3    0.039    0.105    0.039    0.816
Cp_310_7    0.039    0.105    0.073    0.783
Cp_310_7    0.039    0.105    0.077    0.778
Cp_313_0    0.039    0.139    0.006    0.816
Cp_313_3    0.039    0.139    0.039    0.783
Cp_313_7    0.039    0.139    0.073    0.750
Cp_313_7    0.039    0.139    0.077    0.745
Cp_317_0    0.039    0.172    0.006    0.783
Cp_317_3    0.039    0.172    0.039    0.750
Cp_317_7    0.039    0.172    0.073    0.716
Cp_317_7    0.039    0.172    0.077    0.712
Cp_320_0    0.039    0.205    0.006    0.750
Cp_320_3    0.039    0.205    0.039    0.716
Cp_320_7    0.039    0.205    0.073    0.683
Cp_320_7    0.039    0.205    0.077    0.678
Cp_323_0    0.039    0.239    0.006    0.716
Cp_323_3    0.039    0.239    0.039    0.683
Cp_323_7    0.039    0.239    0.073    0.650
Cp_323_7    0.039    0.239    0.077    0.645
Cp_327_0    0.039    0.272    0.006    0.683
Cp_327_3    0.039    0.272    0.039    0.650
Cp_327_7    0.039    0.272    0.073    0.616
Cp_327_7    0.039    0.272    0.077    0.612
Cp_327_0    0.039    0.279    0.006    0.676
Cp_327_3    0.039    0.279    0.039    0.643
Cp_327_7    0.039    0.279    0.073    0.610
Cp_327_7    0.039    0.279    0.077    0.605
Cp_4_0_0    0.046    0.005    0.006    0.943
Cp_4_0_3    0.046    0.005    0.039    0.910
Cp_4_0_7    0.046    0.005    0.073    0.876
Cp_4_0_7    0.046    0.005    0.077    0.872
Cp_4_3_0    0.046    0.039    0.006    0.910
Cp_4_3_3    0.046    0.039    0.039    0.876
Cp_4_3_7    0.046    0.039    0.073    0.843
Cp_4_3_7    0.046    0.039    0.077    0.838
Cp_4_7_0    0.046    0.072    0.006    0.876
Cp_4_7_3    0.046    0.072    0.039    0.843
Cp_4_7_7    0.046    0.072    0.073    0.810
Cp_4_7_7    0.046    0.072    0.077    0.805
Cp_410_0    0.046    0.105    0.006    0.843
Cp_410_3    0.046    0.105    0.039    0.810
Cp_410_7    0.046    0.105    0.073    0.776
Cp_410_7    0.046    0.105    0.077    0.772
Cp_413_0    0.046    0.139    0.006    0.810
Cp_413_3    0.046    0.139    0.039    0.776
Cp_413_7    0.046    0.139    0.073    0.743
Cp_413_7    0.046    0.139    0.077    0.738
Cp_417_0    0.046    0.172    0.006    0.776
Cp_417_3    0.046    0.172    0.039    0.743
Cp_417_7    0.046    0.172    0.073    0.710
Cp_417_7    0.046    0.172    0.077    0.705
Cp_420_0    0.046    0.205    0.006    0.743
Cp_420_3    0.046    0.205    0.039    0.710
Cp_420_7    0.046    0.205    0.073    0.676
Cp_420_7    0.046    0.205    0.077    0.672
Cp_423_0    0.046    0.239    0.006    0.710
Cp_423_3    0.046    0.239    0.039    0.676
Cp_423_7    0.046    0.239    0.073    0.643
Cp_423_7    0.046    0.239    0.077    0.638
Cp_427_0    0.046    0.272    0.006    0.676
Cp_427_3    0.046    0.272    0.039    0.643
Cp_427_7    0.046    0.272    0.073    0.610
Cp_427_7    0.046    0.272    0.077    0.605
Cp_427_0    0.046    0.279    0.006    0.670
Cp_427_3    0.046    0.279    0.039    0.636
Cp_427_7    0.046    0.279    0.073    0.603
Cp_427_7    0.046    0.279    0.077    0.598
Cp_5_0_0    0.054    0.005    0.006    0.935
Cp_5_0_3    0.054    0.005    0.039    0.902
Cp_5_0_7    0.054    0.005    0.073    0.868
Cp_5_0_7    0.054    0.005    0.077    0.864
Cp_5_3_0    0.054    0.039    0.006    0.902
Cp_5_3_3    0.054    0.039    0.039    0.868
Cp_5_3_7    0.054    0.039    0.073    0.835
Cp_5_3_7    0.054    0.039    0.077    0.830
Cp_5_7_0    0.054    0.072    0.006    0.868
Cp_5_7_3    0.054    0.072    0.039    0.835
Cp_5_7_7    0.054    0.072    0.073    0.802
Cp_5_7_7    0.054    0.072    0.077    0.797
Cp_510_0    0.054    0.105    0.006    0.835
Cp_510_3    0.054    0.105    0.039    0.802
Cp_510_7    0.054    0.105    0.073    0.768
Cp_510_7    0.054    0.105    0.077    0.764
Cp_513_0    0.054    0.139    0.006    0.802
Cp_513_3    0.054    0.139    0.039    0.768
Cp_513_7    0.054    0.139    0.073    0.735
Cp_513_7    0.054    0.139    0.077    0.730
Cp_517_0    0.054    0.172    0.006    0.768
Cp_517_3    0.054    0.172    0.039    0.735
Cp_517_7    0.054    0.172    0.073    0.702
Cp_517_7    0.054    0.172    0.077    0.697
Cp_520_0    0.054    0.205    0.006    0.735
Cp_520_3    0.054    0.205    0.039    0.702
Cp_520_7    0.054    0.205    0.073    0.668
Cp_520_7    0.054    0.205    0.077    0.664
Cp_523_0    0.054    0.239    0.006    0.702
Cp_523_3    0.054    0.239    0.039    0.668
Cp_523_7    0.054    0.239    0.073    0.635
Cp_523_7    0.054    0.239    0.077    0.630
Cp_527_0    0.054    0.272    0.006    0.668
Cp_527_3    0.054    0.272    0.039    0.635
Cp_527_7    0.054    0.272    0.073    0.602
Cp_527_7    0.054    0.272    0.077    0.597
Cp_527_0    0.054    0.279    0.006    0.662
Cp_527_3    0.054    0.279    0.039    0.629
Cp_527_7    0.054    0.279    0.073    0.595
Cp_527_7    0.054    0.279    0.077    0.591
Cp_6_0_0    0.062    0.005    0.006    0.926
Cp_6_0_3    0.062    0.005    0.039    0.893
Cp_6_0_7    0.062    0.005    0.073    0.860
Cp_6_0_7    0.062    0.005    0.077    0.855
Cp_6_3_0    0.062    0.039    0.006    0.893
Cp_6_3_3    0.062    0.039    0.039    0.860
Cp_6_3_7    0.062    0.039    0.073    0.826
Cp_6_3_7    0.062    0.039    0.077    0.822
Cp_6_7_0    0.062    0.072    0.006    0.860
Cp_6_7_3    0.062    0.072    0.039    0.826
Cp_6_7_7    0.062    0.072    0.073    0.793
Cp_6_7_7    0.062    0.072    0.077    0.788
Cp_610_0    0.062    0.105    0.006    0.826
Cp_610_3    0.062    0.105    0.039    0.793
Cp_610_7    0.062    0.105    0.073    0.760
Cp_610_7    0.062    0.105    0.077    0.755
Cp_613_0    0.062    0.139    0.006    0.793
Cp_613_3    0.062    0.139    0.039    0.760
Cp_613_7    0.062    0.139    0.073    0.726
Cp_613_7    0.062    0.139    0.077    0.722
Cp_617_0    0.062    0.172    0.006    0.760
Cp_617_3    0.062    0.172    0.039    0.726
Cp_617_7    0.062    0.172    0.073    0.693
Cp_617_7    0.062    0.172    0.077    0.688
Cp_620_0    0.062    0.205    0.006    0.726
Cp_620_3    0.062    0.205    0.039    0.693
Cp_620_7    0.062    0.205    0.073    0.660
Cp_620_7    0.062    0.205    0.077    0.655
Cp_623_0    0.062    0.239    0.006    0.693
Cp_623_3    0.062    0.239    0.039    0.660
Cp_623_7    0.062    0.239    0.073    0.626
Cp_623_7    0.062    0.239    0.077    0.622
Cp_627_0    0.062    0.272    0.006    0.660
Cp_627_3    0.062    0.272    0.039    0.626
Cp_627_7    0.062    0.272    0.073    0.593
Cp_627_7    0.062    0.272    0.077    0.588
Cp_627_0    0.062    0.279    0.006    0.653
Cp_627_3    0.062    0.279    0.039    0.620
Cp_627_7    0.062    0.279    0.073    0.586
Cp_627_7    0.062    0.279    0.077    0.582
Cp_7_0_0    0.072    0.005    0.006    0.916
Cp_7_0_3    0.072    0.005    0.039    0.883
Cp_7_0_7    0.072    0.005    0.073    0.850
Cp_7_0_7    0.072    0.005    0.077    0.845
Cp_7_3_0    0.072    0.039    0.006    0.883
Cp_7_3_3    0.072    0.039    0.039    0.850
Cp_7_3_7    0.072    0.039    0.073    0.816
Cp_7_3_7    0.072    0.039    0.077    0.812
Cp_7_7_0    0.072    0.072    0.006    0.850
Cp_7_7_3    0.072    0.072    0.039    0.816
Cp_7_7_7    0.072    0.072    0.073    0.783
Cp_7_7_7    0.072    0.072    0.077    0.778
Cp_710_0    0.072    0.105    0.006    0.816
Cp_710_3    0.072    0.105    0.039    0.783
Cp_710_7    0.072    0.105    0.073    0.750
Cp_710_7    0.072    0.105    0.077    0.745
Cp_713_0    0.072    0.139    0.006    0.783
Cp_713_3    0.072    0.139    0.039    0.750
Cp_713_7    0.072    0.139    0.073    0.716
Cp_713_7    0.072    0.139    0.077    0.712
Cp_717_0    0.072    0.172    0.006    0.750
Cp_717_3    0.072    0.172    0.039    0.716
Cp_717_7    0.072    0.172    0.073    0.683
Cp_717_7    0.072    0.172    0.077    0.678
Cp_720_0    0.072    0.205    0.006    0.716
Cp_720_3    0.072    0.205    0.039    0.683
Cp_720_7    0.072    0.205    0.073    0.650
Cp_720_7    0.072    0.205    0.077    0.645
Cp_723_0    0.072    0.239    0.006    0.683
Cp_723_3    0.072    0.239    0.039    0.650
Cp_723_7    0.072    0.239    0.073    0.616
Cp_723_7    0.072    0.239    0.077    0.612
Cp_727_0    0.072    0.272    0.006    0.650
Cp_727_3    0.072    0.272    0.039    0.616
Cp_727_7    0.072    0.272    0.073    0.583
Cp_727_7    0.072    0.272    0.077    0.578
Cp_727_0    0.072    0.279    0.006    0.643
Cp_727_3    0.072    0.279    0.039    0.610
Cp_727_7    0.072    0.279    0.073    0.577
Cp_727_7    0.072    0.279    0.077    0.572
Cp_8_0_0    0.083    0.005    0.006    0.905
Cp_8_0_3    0.083    0.005    0.039    0.872
Cp_8_0_7    0.083    0.005    0.073    0.839
Cp_8_0_7    0.083    0.005    0.077    0.834
Cp_8_3_0    0.083    0.039    0.006    0.872
Cp_8_3_3    0.083    0.039    0.039    0.839
Cp_8_3_7    0.083    0.039    0.073    0.805
Cp_8_3_7    0.083    0.039    0.077    0.801
Cp_8_7_0    0.083    0.072    0.006    0.839
Cp_8_7_3    0.083    0.072    0.039    0.805
Cp_8_7_7    0.083    0.072    0.073    0.772
Cp_8_7_7    0.083    0.072    0.077    0.767
Cp_810_0    0.083    0.105    0.006    0.805
Cp_810_3    0.083    0.105    0.039    0.772
Cp_810_7    0.083    0.105    0.073    0.739
Cp_810_7    0.083    0.105    0.077    0.734
Cp_813_0    0.083    0.139    0.006    0.772
Cp_813_3    0.083    0.139    0.039    0.739
Cp_813_7    0.083    0.139    0.073    0.705
Cp_813_7    0.083    0.139    0.077    0.701
Cp_817_0    0.083    0.172    0.006    0.739
Cp_817_3    0.083    0.172    0.039    0.705
Cp_817_7    0.083    0.172    0.073    0.672
